x z velocity
23.99 2032.38 210.76
0.17 2031.89 109.63
30.37 2033.34 255.65
49.41 2032.55 271.37
30.71 2032.88 234.09
6.13 2030.78 257.72
1.70 2032.26 101.80
25.34 2033.07 213.77
0.11 2032.38 100.43
32.97 2033.29 224.31
3.89 2031.84 190.04
3.96 2032.22 169.38
2.97 2032.29 116.88
12.99 2032.05 237.03
14.52 2032.23 202.80
1.89 2032.38 102.09
6.40 2032.44 391.59
2.53 2032.12 112.36
4.29 2032.40 188.61
14.64 2032.65 195.07
1.47 2032.43 101.11
7.76 2032.07 351.69
4.98 2032.27 257.69
10.34 2032.77 332.44
7.65 2032.63 479.87
5.70 2032.45 322.78
28.71 2032.95 208.48
5.46 2031.09 258.30
41.38 2033.17 147.83
8.68 2032.31 406.13
44.54 2033.02 103.38
9.06 2032.56 405.33
8.29 2032.59 429.49
48.30 2032.39 305.18
6.10 2032.21 343.11
35.02 2032.70 212.59
34.66 2032.78 208.20
9.72 2032.73 379.30
10.06 2032.59 358.49
36.90 2032.13 219.61
53.35 2033.01 221.56
12.29 2032.89 250.00
52.76 2032.56 239.32
12.91 2032.84 231.58
13.22 2032.57 217.32
55.71 2032.30 229.14
9.45 2032.42 391.97
51.31 2032.69 189.71
13.64 2032.80 211.42
41.44 2032.74 167.18
13.96 2032.62 203.69
49.30 2032.99 226.60
19.26 2032.66 114.05
15.66 2032.96 181.05
34.35 2033.33 210.10
49.90 2032.58 257.82
16.33 2032.88 170.07
18.29 2033.09 123.96
43.63 2032.88 117.44
38.40 2032.37 215.34
14.99 2032.86 191.32
37.64 2033.37 206.40
18.92 2033.01 117.21
20.02 2032.70 108.87
28.14 2032.58 223.55
42.22 2032.28 173.60
32.17 2032.54 212.90
20.35 2033.07 103.70
30.14 2033.12 225.56
22.03 2032.97 106.21
21.05 2033.01 102.91
33.42 2031.86 227.97
19.67 2032.93 111.05
29.73 2032.40 209.07
14.32 2032.92 199.53
40.37 2033.24 164.07
0.91 2030.43 554.14
22.32 2033.17 111.68
24.07 2032.87 131.29
7.56 2031.17 265.04
9.75 2032.06 330.00
26.28 2033.15 266.33
10.57 2032.18 316.93
27.06 2033.06 261.53
26.67 2032.79 263.43
7.36 2032.47 468.38
25.92 2032.98 266.72
3.67 2032.39 142.06
25.65 2033.25 231.88
27.72 2033.24 231.78
18.31 2032.43 143.81
14.06 2032.20 204.11
15.99 2032.67 174.64
29.77 2033.25 217.62
19.43 2031.44 221.35
30.99 2033.34 272.19
29.04 2033.15 206.41
11.98 2032.74 257.24
28.06 2033.04 214.65
11.03 2032.73 298.35
29.47 2032.93 210.33
13.31 2031.62 230.88
31.65 2033.23 259.16
24.38 2033.10 151.40
31.98 2033.04 240.71
51.02 2033.33 180.47
31.80 2032.11 212.97
32.64 2033.10 227.90
35.97 2032.96 225.03
22.65 2032.86 117.81
17.06 2032.97 152.25
34.97 2033.34 214.20
36.36 2033.21 217.59
128.78 2038.84 326.96
32.34 2033.30 233.75
134.04 2039.74 174.04
86.78 2032.35 221.58
41.67 2033.35 140.48
48.97 2033.20 215.06
94.02 2034.45 101.10
131.40 2037.29 233.36
36.72 2033.05 215.30
48.54 2032.97 207.38
37.02 2033.35 211.31
62.55 2032.97 187.28
123.05 2038.26 252.35
97.21 2034.18 118.27
47.27 2032.89 194.47
50.01 2033.02 241.45
140.34 2040.79 101.03
130.61 2039.25 310.48
37.90 2033.13 201.74
38.26 2033.28 198.84
118.40 2037.50 120.96
114.78 2036.75 117.96
40.05 2033.03 169.08
114.77 2036.30 139.78
41.04 2033.34 151.69
39.68 2033.31 176.14
114.29 2036.18 141.06
38.99 2033.20 188.09
111.06 2036.42 178.20
120.43 2036.97 192.81
42.71 2033.15 122.49
43.02 2033.39 114.32
116.68 2037.03 103.18
102.42 2035.37 256.40
44.24 2033.31 102.82
105.47 2034.52 232.84
46.03 2033.07 113.92
44.97 2033.23 102.78
108.68 2035.77 202.19
43.87 2033.18 103.80
102.13 2035.03 247.62
42.36 2033.29 126.60
113.67 2035.40 189.98
87.62 2033.28 164.47
126.03 2038.54 300.08
93.05 2034.42 101.16
49.67 2033.30 233.58
50.34 2033.23 212.38
88.48 2033.37 151.47
85.31 2033.87 195.50
51.64 2033.33 172.94
77.03 2033.55 421.54
52.64 2033.02 199.65
52.31 2033.23 187.41
80.20 2033.00 210.21
51.33 2033.14 175.65
90.71 2033.99 108.05
54.96 2033.35 224.74
56.34 2033.20 204.55
79.53 2032.30 223.81
72.32 2033.49 107.34
77.99 2033.55 341.83
57.01 2033.34 200.64
78.35 2033.13 274.31
58.24 2033.27 189.23
56.68 2033.03 203.41
72.46 2032.73 116.70
57.87 2033.11 190.93
86.37 2033.02 206.78
53.00 2033.30 210.01
68.35 2033.36 101.09
63.93 2032.54 181.57
58.98 2033.19 190.76
59.68 2033.31 189.45
54.63 2033.18 226.97
64.16 2032.02 172.82
61.63 2033.39 198.82
55.21 2033.09 219.75
70.35 2032.45 120.25
64.03 2033.03 161.74
66.02 2033.10 119.11
60.36 2033.25 189.93
57.63 2032.73 202.48
47.01 2033.37 162.79
63.67 2033.33 173.07
65.37 2033.18 137.05
45.67 2033.32 104.51
51.95 2033.04 181.03
66.35 2033.30 112.41
33.68 2033.20 216.18
66.72 2033.12 110.52
67.03 2033.41 106.04
55.92 2032.94 205.78
65.67 2033.38 128.81
56.12 2031.80 224.12
64.36 2033.26 156.98
61.87 2033.15 198.77
60.04 2033.04 188.58
103.75 2035.02 255.38
53.69 2033.22 229.38
37.69 2032.76 211.39
67.37 2033.23 105.00
16.72 2032.66 165.15
70.25 2033.40 101.11
69.63 2033.49 100.66
28.34 2033.25 205.94
36.30 2031.86 224.11
28.84 2031.93 210.72
71.69 2033.47 102.75
73.01 2033.40 119.97
31.30 2033.08 261.84
71.37 2033.11 102.61
23.69 2033.16 124.08
74.32 2033.55 201.55
74.02 2033.34 157.81
1.05 2031.33 234.30
3.66 2030.80 279.55
8.56 2031.73 281.16
75.70 2033.59 400.75
25.36 2032.67 284.50
76.03 2033.42 385.83
75.39 2033.30 353.70
9.07 2031.25 283.87
75.02 2033.48 340.08
25.03 2033.23 194.45
72.01 2033.28 104.52
131.73 2039.47 240.43
78.93 2033.66 246.76
80.03 2033.42 215.05
19.06 2032.02 165.97
18.55 2032.83 119.74
104.28 2035.59 238.93
80.35 2033.74 214.46
104.54 2034.78 231.02
82.01 2033.69 217.07
81.04 2033.71 215.92
119.91 2037.63 156.05
78.30 2033.71 303.37
112.95 2036.73 146.59
96.12 2034.41 104.11
82.97 2033.79 212.05
83.67 2033.90 205.51
78.57 2033.49 258.64
0.99 2032.38 100.66
84.35 2033.86 198.44
0.22 2031.18 256.12
86.25 2033.98 188.09
85.63 2034.04 194.14
0.78 2032.11 101.96
84.02 2033.65 201.68
112.31 2036.72 155.42
82.31 2033.86 215.25
23.00 2033.06 118.80
79.28 2033.36 227.42
35.61 2033.26 220.29
88.02 2033.93 144.06
87.70 2034.11 153.24
0.72 2031.83 114.99
47.63 2033.37 175.12
27.45 2032.86 255.58
90.04 2034.04 114.24
54.96 2032.71 231.79
91.04 2034.23 106.28
90.34 2034.27 109.23
2.31 2031.65 160.60
89.02 2034.08 129.19
41.87 2032.68 166.96
91.72 2034.38 103.42
91.43 2034.05 105.97
92.07 2034.21 102.92
1.15 2032.47 100.66
1.17 2032.16 102.44
95.36 2034.28 102.75
0.68 2032.30 100.65
94.96 2034.60 101.69
94.31 2034.63 101.10
1.79 2031.60 158.06
95.74 2034.57 102.96
1.00 2031.68 118.68
87.01 2033.92 171.13
0.39 2031.69 115.31
96.38 2034.78 107.49
96.72 2034.64 109.19
70.58 2033.06 101.94
2.22 2032.38 102.58
0.99 2032.19 102.10
97.68 2034.83 121.54
0.28 2032.22 100.58
99.70 2034.88 214.15
98.98 2035.01 174.53
1.59 2031.95 114.91
98.66 2034.79 156.33
0.84 2032.46 100.57
0.50 2032.39 100.55
100.38 2035.15 222.77
100.73 2034.99 228.29
12.30 2032.37 248.77
48.24 2033.29 175.17
101.71 2035.21 248.56
86.59 2033.64 179.24
105.03 2035.60 232.93
104.64 2035.33 233.24
1.25 2031.93 114.08
107.68 2033.72 253.40
4.60 2032.08 229.80
100.08 2034.71 209.93
1.29 2032.35 101.05
106.10 2035.57 228.82
1.49 2031.22 235.79
103.93 2035.40 246.65
55.59 2033.26 217.51
105.70 2035.78 230.85
106.39 2035.81 221.45
71.00 2033.31 101.91
62.98 2033.21 183.62
94.60 2034.41 101.65
107.65 2036.08 209.83
108.28 2036.07 203.38
62.24 2033.30 194.75
106.76 2035.70 219.47
87.38 2033.73 164.76
109.46 2035.93 202.79
109.73 2036.32 202.73
130.96 2039.46 300.64
103.65 2035.59 263.58
120.27 2037.83 159.91
113.33 2036.46 140.77
12.54 2032.69 235.48
113.71 2036.76 134.18
112.60 2036.52 150.19
138.71 2040.44 101.30
110.09 2036.18 201.50
79.68 2033.61 218.72
109.07 2036.07 202.07
7.94 2032.42 431.11
27.74 2032.40 226.82
114.08 2036.60 130.17
115.07 2037.00 112.68
28.57 2032.48 219.90
38.59 2032.96 191.90
116.05 2037.07 105.12
39.97 2032.59 200.56
117.70 2037.46 103.72
117.01 2037.26 102.74
42.03 2033.12 134.50
116.33 2037.28 102.82
34.65 2033.17 211.95
50.11 2032.12 233.37
119.65 2037.82 153.53
121.00 2037.85 184.66
51.71 2032.59 194.08
58.56 2032.94 190.57
121.69 2038.05 197.62
61.31 2033.23 198.85
122.38 2038.08 215.10
122.07 2037.80 201.44
69.88 2033.25 101.10
120.60 2037.56 175.37
62.32 2032.37 197.85
118.10 2037.25 107.09
35.25 2033.09 218.35
114.37 2036.96 119.93
69.31 2033.34 100.70
70.74 2031.76 218.96
124.22 2038.12 266.71
125.68 2038.75 301.60
74.68 2033.27 280.96
82.61 2033.61 213.85
126.72 2038.61 315.72
80.73 2033.50 214.83
127.83 2038.27 310.40
126.35 2038.74 307.08
85.88 2033.80 191.38
125.06 2038.66 295.91
71.60 2032.65 112.63
88.32 2034.15 138.94
127.36 2038.78 343.09
128.35 2039.01 328.19
94.42 2034.04 106.18
95.80 2033.01 200.00
131.36 2039.16 264.30
99.35 2034.63 206.20
132.18 2039.30 228.21
130.32 2039.46 338.62
106.07 2035.13 236.37
127.03 2038.93 336.94
96.42 2034.01 112.34
123.76 2038.28 268.76
80.68 2033.07 210.87
133.40 2039.78 197.37
133.68 2039.97 188.55
112.02 2036.52 160.54
112.42 2036.13 169.24
122.01 2037.28 214.45
132.45 2039.70 216.17
133.06 2039.88 200.31
134.73 2039.83 145.42
136.29 2040.24 107.13
120.78 2036.52 248.62
134.37 2039.94 154.69
119.35 2037.62 146.70
137.40 2040.18 103.80
136.65 2040.03 106.07
129.09 2039.19 331.58
131.25 2038.54 239.53
20.18 2032.19 141.55
137.71 2040.49 102.50
20.74 2032.76 103.82
138.07 2040.33 102.22
137.03 2040.36 104.11
20.68 2032.24 138.85
135.65 2040.26 115.13
133.04 2038.87 209.88
137.19 2039.32 127.19
121.67 2036.21 222.39
122.76 2037.91 226.59
97.01 2034.85 113.07
139.02 2040.70 101.00
35.83 2032.33 241.65
47.30 2033.23 170.95
47.86 2033.14 172.75
58.33 2032.32 201.35
46.36 2033.26 136.92
61.63 2032.79 225.06
57.63 2033.36 196.48
56.76 2032.07 222.43
54.34 2033.34 229.16
54.61 2032.79 233.47
65.03 2033.37 143.81
65.40 2032.69 150.39
65.83 2032.61 147.37
69.63 2032.91 102.87
66.99 2032.66 118.75
67.67 2033.42 103.35
63.32 2032.99 179.12
63.44 2032.51 185.58
61.02 2033.38 196.77
61.29 2032.87 218.55
69.02 2033.48 100.63
69.29 2033.00 102.64
76.88 2032.35 265.08
79.11 2032.78 231.70
75.64 2032.84 248.01
76.33 2033.61 405.61
73.70 2033.52 142.25
74.05 2032.86 199.13
72.03 2032.82 114.10
72.66 2033.20 113.48
77.69 2033.69 401.60
78.00 2033.20 286.58
82.40 2033.22 215.37
85.63 2033.43 203.09
81.70 2033.84 216.87
82.01 2033.32 217.85
85.01 2034.00 196.55
85.29 2033.51 202.16
93.00 2033.22 121.80
95.23 2033.64 154.66
91.74 2033.56 118.15
92.35 2034.44 101.49
89.71 2034.23 117.38
90.09 2033.52 137.42
88.05 2033.46 155.75
88.67 2033.86 134.22
93.71 2034.58 100.95
94.05 2034.10 104.98
97.44 2033.77 147.68
106.08 2033.34 249.71
100.41 2034.27 236.24
101.02 2035.24 238.84
98.34 2034.97 140.45
98.62 2034.34 178.65
96.80 2034.22 115.86
97.35 2034.62 117.22
111.04 2035.21 203.86
113.21 2035.84 179.06
109.79 2035.52 209.89
110.35 2036.41 190.65
107.03 2036.00 214.55
107.73 2035.48 215.94
105.40 2035.44 232.73
105.59 2035.03 236.65
106.90 2034.81 226.58
107.93 2035.87 206.31
103.04 2035.52 264.56
103.40 2035.06 261.32
116.51 2036.60 118.79
119.71 2037.26 153.40
115.72 2037.20 106.12
116.10 2036.67 119.80
111.71 2036.63 164.20
112.06 2036.16 170.38
119.04 2037.72 141.93
119.37 2037.28 149.71
124.46 2038.48 281.28
125.48 2038.24 293.24
125.88 2038.18 291.86
130.42 2038.83 275.86
126.98 2038.19 304.52
127.67 2039.02 345.70
125.09 2037.69 257.43
125.41 2038.57 298.30
121.36 2037.67 193.84
121.52 2037.18 211.00
122.97 2037.42 261.02
123.48 2038.00 264.50
135.03 2040.17 126.76
134.00 2038.88 208.09
134.99 2039.05 181.59
133.45 2039.44 214.63
135.94 2040.03 110.02
129.71 2039.37 340.88
130.06 2038.87 281.09
17.69 2033.07 135.18
17.97 2032.52 151.33
22.46 2032.42 170.28
25.72 2032.57 264.92
21.71 2033.15 103.42
22.06 2032.53 144.06
11.69 2032.86 270.09
11.96 2032.43 254.62
18.49 2031.96 170.60
17.99 2032.92 129.29
15.32 2032.67 187.29
15.40 2032.25 201.33
7.04 2032.59 470.71
7.40 2032.13 356.85
10.15 2032.23 320.58
10.70 2032.56 315.12
3.31 2032.13 127.96
3.23 2031.27 231.39
5.34 2032.09 283.98
5.54 2031.65 259.60
0.60 2030.97 263.94
0.53 2029.64 1164.98
24.74 2032.93 167.21
25.93 2032.06 195.57
32.61 2032.60 215.09
33.32 2032.99 219.03
30.26 2032.40 208.35
30.69 2033.20 264.93
26.52 2032.10 197.31
31.19 2032.29 213.23
40.75 2033.06 161.32
41.03 2032.63 169.77
44.30 2032.50 156.63
47.61 2032.80 198.02
43.63 2033.39 107.85
42.81 2032.41 167.19
39.34 2032.99 184.26
39.48 2032.55 200.44
37.33 2033.20 208.93
37.34 2032.84 211.82
34.03 2033.03 209.66
35.24 2032.24 239.20
33.06 2032.49 217.11
35.14 2030.78 267.76
50.69 2033.05 195.67
50.91 2032.60 190.41
46.70 2033.11 146.84
47.74 2032.37 304.97
59.33 2032.97 191.00
59.47 2032.50 200.40
57.31 2033.19 198.48
57.28 2032.81 203.74
54.03 2033.05 232.01
55.12 2032.22 234.98
51.94 2032.09 241.98
57.46 2030.98 264.85
64.73 2033.06 152.72
64.99 2032.57 152.91
67.41 2032.77 117.23
68.02 2033.18 102.11
60.71 2033.10 193.84
61.77 2032.34 203.15
58.68 2031.78 210.40
69.29 2032.06 120.06
68.70 2033.22 101.03
69.77 2032.46 118.07
67.84 2032.71 116.17
72.69 2032.15 189.00
76.06 2032.95 253.51
76.69 2033.35 397.85
73.37 2033.21 128.24
73.63 2032.73 181.82
71.45 2031.91 205.28
73.83 2031.48 219.47
77.39 2033.41 413.59
78.55 2032.72 233.29
76.51 2032.88 261.29
80.61 2032.17 217.80
83.30 2033.61 209.50
83.41 2033.17 217.90
81.41 2033.57 216.49
81.63 2033.21 219.67
84.70 2033.72 198.19
85.78 2032.98 207.90
83.91 2033.21 217.84
88.71 2032.78 178.50
92.15 2033.71 117.56
92.73 2034.19 101.55
89.39 2033.89 125.68
89.66 2033.38 139.02
87.48 2032.54 223.65
89.88 2032.01 247.00
93.42 2034.29 101.28
94.63 2033.58 153.22
92.60 2033.67 116.18
101.54 2034.07 255.63
103.99 2034.65 233.88
103.36 2035.41 266.63
100.84 2034.54 244.91
101.39 2034.98 246.18
98.02 2034.67 126.49
98.21 2034.25 167.85
101.27 2033.35 244.60
103.22 2034.11 241.27
110.20 2035.74 208.60
110.75 2036.19 186.24
107.35 2035.89 212.65
107.37 2035.53 216.01
102.80 2035.26 258.28
102.91 2034.53 260.59
101.28 2034.50 246.30
104.71 2033.67 237.56
117.38 2037.11 103.64
117.56 2036.67 121.24
115.46 2036.88 111.75
115.73 2036.51 119.66
111.43 2036.32 175.04
112.65 2035.72 179.55
110.64 2035.73 205.53
114.79 2035.37 191.72
118.77 2037.41 125.54
119.90 2036.87 188.31
118.05 2036.78 125.72
124.36 2037.08 228.11
124.86 2038.40 283.90
124.55 2037.62 255.98
130.67 2038.42 241.57
130.03 2039.26 334.90
127.40 2038.32 309.12
128.02 2038.77 333.39
135.35 2040.06 121.31
135.37 2039.71 131.41
135.74 2039.65 129.15
136.34 2039.09 146.24
132.84 2039.61 214.20
139.35 2040.55 101.09
132.49 2038.77 212.39
129.47 2039.09 329.83
129.56 2038.31 262.63
126.08 2037.67 256.62
134.14 2037.46 243.14
17.42 2032.82 147.81
17.39 2032.01 193.66
14.72 2031.77 208.34
26.71 2030.48 225.23
23.35 2032.85 123.23
23.50 2032.36 202.37
25.44 2031.54 184.56
29.89 2031.21 213.29
21.42 2032.83 103.77
21.68 2032.39 127.84
11.38 2032.61 288.67
12.45 2032.00 239.23
8.79 2030.36 269.22
15.15 2031.78 207.89
6.78 2032.31 402.32
7.99 2031.65 279.94
6.08 2031.76 260.38
11.97 2031.55 261.37
7.86 2030.35 268.67
10.88 2031.72 274.39
31.09 2032.76 235.83
25.70 2030.63 223.71
29.46 2031.87 211.88
31.97 2031.26 216.75
40.22 2032.12 204.04
45.93 2032.64 143.90
45.31 2033.03 104.18
45.43 2032.61 139.04
45.22 2032.11 195.49
53.01 2031.57 280.02
43.31 2033.26 110.48
43.30 2032.96 118.97
37.46 2031.85 221.09
40.80 2032.13 199.24
34.26 2032.64 204.26
34.13 2031.98 223.93
50.93 2031.54 260.74
53.24 2032.56 241.10
57.30 2031.78 220.53
59.96 2032.56 200.92
54.23 2032.66 235.37
54.02 2032.03 264.32
63.25 2031.95 202.67
68.17 2032.26 120.14
65.86 2031.41 197.93
64.74 2032.02 170.99
60.92 2032.74 214.57
60.77 2032.17 217.26
68.91 2032.88 102.74
68.78 2032.40 117.95
74.49 2032.78 201.34
74.54 2031.64 224.52
69.32 2031.30 178.96
78.10 2032.20 236.77
77.62 2033.06 305.43
77.52 2032.49 250.32
80.09 2032.47 220.37
84.19 2032.71 213.80
84.90 2033.38 201.91
84.73 2032.82 208.78
90.54 2033.45 137.26
90.65 2032.14 256.57
85.39 2031.77 249.78
94.20 2033.11 131.70
93.68 2033.95 104.18
93.61 2033.42 122.69
99.08 2034.16 208.87
99.04 2033.40 250.42
94.36 2032.32 309.46
97.99 2033.80 155.29
108.53 2035.12 222.84
108.68 2033.62 251.28
107.47 2034.52 224.93
109.07 2034.51 231.39
103.06 2034.94 267.20
102.36 2034.52 262.86
114.23 2035.64 188.90
118.44 2036.35 169.49
111.69 2035.99 173.62
111.63 2035.38 200.76
119.01 2037.10 144.70
118.95 2036.55 201.54
122.31 2036.88 243.89
128.73 2037.84 263.23
126.71 2037.64 256.91
129.87 2037.86 240.99
133.87 2039.36 213.58
138.36 2040.60 101.30
140.65 2039.67 116.15
141.78 2040.95 100.71
136.72 2039.43 129.34
138.48 2039.81 110.27
130.22 2036.77 238.10
135.49 2038.86 176.05
129.72 2038.74 285.76
128.99 2038.31 265.67
17.62 2032.43 155.02
16.85 2032.09 193.99
24.98 2032.53 291.09
24.86 2031.92 187.54
20.56 2031.12 207.00
24.33 2031.82 192.50
11.59 2032.31 260.06
11.45 2031.81 269.57
7.04 2031.99 354.99
6.98 2031.45 261.29
30.38 2032.80 229.69
30.69 2032.01 211.46
46.90 2032.77 193.71
46.72 2032.25 308.84
37.69 2031.06 265.78
47.23 2031.93 291.52
36.96 2032.68 212.69
37.86 2032.33 218.00
56.88 2032.65 204.89
57.77 2032.28 203.00
107.01 2035.37 216.52
107.94 2035.03 222.69
125.15 2038.11 292.38
125.61 2037.30 253.09
134.98 2039.52 137.18
135.85 2039.27 150.09
136.70 2038.03 267.40
137.49 2039.74 115.26
133.12 2039.31 214.06
139.73 2038.99 150.96
133.50 2038.52 216.13
4.32 2031.68 199.17
9.71 2031.50 283.40
27.06 2031.42 210.19
39.81 2031.66 215.47
43.32 2032.12 174.06
54.56 2031.67 260.75
42.92 2032.85 121.71
43.76 2032.49 165.60
34.75 2031.65 227.69
45.75 2031.73 231.04
54.82 2030.69 306.19
61.28 2031.85 237.73
103.77 2034.18 239.38
112.23 2035.14 201.52
122.79 2036.95 243.33
130.44 2037.91 239.73
134.54 2038.67 203.81
137.37 2038.26 272.15
137.51 2038.88 139.48
137.87 2039.62 114.59
138.15 2039.91 110.48
140.71 2040.62 101.12
141.43 2040.18 105.76
41.22 2031.49 248.34
43.41 2031.39 352.07
130.75 2037.28 232.60
134.70 2037.91 235.72
136.28 2038.48 229.39
141.34 2038.33 203.78
137.96 2039.12 137.35
138.35 2039.05 138.40
139.66 2040.80 100.96
138.76 2040.07 107.51
139.11 2039.87 107.50
141.04 2040.96 100.89
140.00 2040.56 101.12
138.60 2039.45 124.99
139.39 2040.10 106.34
140.88 2040.15 105.72
141.48 2040.68 100.92
138.72 2038.66 153.63
139.83 2040.07 106.57
139.02 2039.49 125.38
139.19 2039.01 148.52
135.70 2038.37 225.79
140.95 2039.21 129.57
78.41 2031.49 210.23
80.97 2032.65 217.06
112.62 2034.43 259.36
115.11 2035.89 154.56
20.00 2031.58 215.17
20.99 2031.66 157.61
17.61 2031.49 246.96
15.85 2032.24 201.50
1.57 2030.63 519.72
3.00 2028.18 1284.77
52.52 2032.09 245.11
53.49 2031.96 269.41
48.65 2031.88 257.92
49.68 2031.67 239.70
62.67 2031.82 202.02
61.47 2031.06 235.09
104.95 2034.35 229.24
106.41 2034.67 229.68
121.34 2036.65 244.68
123.46 2037.48 254.03
119.79 2035.70 208.02
123.79 2037.03 227.56
12.19 2030.91 273.64
15.99 2031.76 210.29
4.89 2030.77 268.55
6.47 2031.31 257.51
0.62 2027.65 1532.42
2.59 2029.88 520.76
38.77 2031.87 212.66
39.33 2032.02 211.69
59.28 2031.92 210.01
60.26 2032.06 213.57
82.56 2032.66 217.93
83.11 2032.62 219.97
116.78 2035.97 147.68
116.26 2035.53 190.46
22.71 2031.79 236.79
22.16 2031.26 175.01
44.63 2032.01 195.67
46.21 2032.17 265.79
30.59 2031.35 212.07
40.72 2030.70 300.45
51.13 2030.20 345.15
59.83 2031.54 214.03
53.16 2030.13 389.85
63.78 2030.61 249.56
65.15 2031.31 201.17
75.43 2032.39 198.66
73.37 2032.14 197.99
85.26 2032.49 209.44
83.65 2032.21 227.86
88.40 2031.16 318.87
89.40 2032.77 175.51
106.04 2034.19 234.67
103.02 2033.46 234.36
104.09 2033.62 236.43
104.86 2032.16 265.84
119.49 2036.34 217.55
117.98 2035.70 157.47
128.57 2036.68 243.35
128.11 2037.84 265.11
127.90 2037.16 249.85
13.86 2031.74 227.50
14.30 2031.37 220.18
21.53 2031.75 159.50
21.36 2029.67 425.14
6.28 2030.05 306.24
17.75 2030.24 356.22
140.08 2039.63 116.46
141.73 2039.78 112.33
79.28 2031.52 214.47
81.47 2032.72 219.38
80.81 2031.30 237.95
82.02 2032.27 224.44
113.51 2034.57 264.57
115.62 2036.00 154.95
110.98 2033.45 293.63
117.35 2036.00 147.87
18.18 2031.44 244.33
23.85 2031.29 200.16
19.03 2030.58 351.07
23.27 2031.76 208.85
12.99 2030.93 270.98
15.52 2031.38 212.61
3.46 2031.75 185.89
4.32 2031.13 272.52
50.65 2032.12 230.24
49.80 2030.90 275.41
49.23 2032.02 251.05
47.40 2031.09 264.63
45.70 2030.95 404.64
51.59 2031.52 264.30
63.72 2031.54 190.06
67.14 2031.44 214.91
58.88 2030.12 325.42
66.78 2032.18 151.84
98.36 2033.13 267.48
112.92 2032.43 381.80
118.33 2034.89 234.57
123.39 2035.48 204.15
124.48 2035.78 208.46
123.09 2036.47 215.79
122.16 2036.35 217.74
123.60 2036.49 214.32
16.19 2030.35 308.90
18.36 2030.64 337.62
3.46 2030.06 491.95
4.85 2029.92 377.99
36.11 2030.90 262.72
39.90 2030.88 288.06
39.11 2030.41 286.12
42.66 2031.00 332.81
52.73 2030.78 371.86
62.31 2031.01 229.83
80.04 2030.83 239.31
81.72 2031.33 246.70
114.32 2033.99 314.79
122.15 2035.36 196.80
19.61 2029.73 554.37
28.43 2029.44 283.74
41.98 2031.59 258.58
48.96 2030.39 277.41
102.11 2034.06 255.87
103.59 2033.11 233.18
101.90 2032.90 231.46
105.28 2032.99 251.17
102.08 2031.98 236.40
109.77 2034.78 233.94
129.65 2037.17 241.81
131.68 2038.03 224.24
16.48 2031.63 203.66
17.27 2030.86 273.64
15.51 2030.68 295.07
16.68 2030.92 273.43
140.16 2038.41 200.44
141.76 2038.82 175.55
2.62 2031.17 232.65
2.18 2030.53 476.88
121.62 2035.58 198.68
122.47 2035.88 206.63
122.92 2035.93 205.66
124.80 2036.48 220.45
123.86 2035.84 207.20
137.02 2036.59 390.83
16.16 2023.81 1535.07
20.56 2030.14 464.91
13.47 2030.38 291.45
10.62 2030.26 293.93
141.59 2037.82 415.62
141.49 2039.29 130.39
5.57 2029.50 347.20
4.08 2029.54 421.30
120.54 2035.78 205.58
122.42 2034.70 206.73
126.92 2036.16 233.05
137.86 2037.77 319.44
121.05 2035.28 195.87
124.91 2035.12 219.06
123.21 2034.76 206.08
122.26 2032.98 318.55
23.93 2030.27 277.53
32.89 2031.06 219.88
67.86 2031.47 198.36
75.16 2031.19 219.17
88.13 2032.13 209.96
91.56 2033.03 159.58
96.46 2033.27 212.87
97.07 2033.06 238.12
133.48 2037.87 247.76
139.32 2033.17 1255.26
100.58 2033.52 246.02
102.46 2033.41 235.20
127.18 2037.02 252.48
129.08 2037.15 243.18
50.51 2030.78 282.92
51.88 2030.73 357.20
59.83 2030.57 332.73
72.42 2030.47 282.16
38.47 2031.04 267.32
46.60 2030.47 426.57
31.26 2030.79 220.62
32.60 2028.29 572.90
138.57 2038.05 332.05
141.20 2037.16 607.27
140.81 2038.59 195.91
2.23 2028.96 1339.78
8.23 2027.94 638.72
132.31 2038.16 223.67
132.72 2036.78 264.80
92.77 2032.33 264.55
114.20 2032.87 391.45
125.51 2036.64 221.96
123.79 2034.05 215.54
48.26 2031.03 261.11
55.79 2030.75 300.37
48.83 2029.22 902.02
58.28 2030.94 261.13
136.50 2037.34 314.35
140.36 2036.95 597.18
103.80 2032.34 254.41
115.04 2034.56 332.15
4.75 2028.11 1014.25
16.36 2029.28 564.83
75.72 2031.72 228.67
86.32 2031.60 244.06
110.29 2032.54 309.78
116.64 2033.81 422.31
15.62 2028.74 583.13
14.23 2030.70 292.66
44.17 2031.27 398.23
44.71 2030.59 442.74
116.01 2034.61 357.20
119.39 2034.86 251.83
56.58 2030.23 290.25
61.12 2029.05 408.90
26.60 2024.89 1505.99
46.54 2029.27 763.68
17.95 2028.38 841.40
14.85 2030.26 298.23
124.66 2034.23 213.45
126.07 2036.00 233.21
120.99 2034.30 227.47
131.50 2035.62 254.82
28.39 2031.28 206.13
36.95 2030.38 262.73
22.20 2030.38 363.12
31.06 2029.82 272.84
72.10 2031.50 207.63
78.41 2029.65 289.53
70.19 2031.01 182.59
68.41 2029.89 494.97
82.60 2030.58 261.30
92.01 2032.23 267.87
88.07 2029.00 564.43
99.85 2032.94 244.90
95.37 2032.15 362.37
95.74 2031.07 504.11
97.71 2032.58 245.21
97.78 2031.62 267.20
135.36 2037.79 245.09
135.74 2037.21 296.42
100.00 2031.56 235.95
109.25 2030.65 434.51
135.55 2036.40 310.62
136.45 2035.92 342.93
134.14 2036.67 294.33
134.82 2036.12 301.47
137.45 2031.88 1111.49
140.94 2035.41 866.26
56.86 2028.92 526.98
62.94 2030.21 260.80
17.33 2029.23 581.11
15.19 2027.75 813.52
131.92 2036.60 257.98
132.84 2037.60 245.60
64.62 2030.39 250.22
76.17 2029.92 218.58
30.11 2029.69 272.08
31.05 2027.58 733.17
3.98 2028.58 1122.17
141.61 2036.32 804.05
7.22 2029.69 294.98
131.62 2026.89 1714.42
5.58 2028.64 840.28
137.71 2036.80 440.30
141.33 2034.40 1242.00
109.11 2032.73 311.12
110.57 2034.49 232.30
9.64 2029.67 296.20
10.42 2031.19 278.12
77.89 2030.67 206.28
84.70 2030.93 279.47
112.15 2033.42 291.09
120.08 2033.96 247.92
40.63 2028.78 548.21
49.91 2028.50 889.30
110.49 2031.26 433.62
121.83 2033.94 223.73
51.05 2029.17 841.80
60.74 2030.23 302.31
11.59 2030.08 299.46
14.14 2023.08 1528.62
12.17 2029.20 406.71
14.79 2029.40 504.14
115.25 2031.97 469.27
95.07 2028.82 748.61
134.47 2025.14 2202.89
134.46 2035.01 378.60
27.73 2031.65 206.18
27.39 2029.34 281.78
73.47 2030.45 263.87
77.72 2028.52 412.81
74.76 2032.35 195.83
75.22 2030.29 220.96
76.88 2030.76 205.47
76.50 2031.66 228.02
68.50 2030.85 195.17
66.47 2029.76 461.91
83.73 2031.23 270.46
79.69 2029.77 295.98
90.86 2032.96 161.99
91.42 2031.58 303.46
93.54 2031.73 279.19
93.62 2030.59 447.85
108.47 2031.60 361.44
106.95 2032.97 254.27
52.08 2028.48 752.00
65.27 2029.38 464.93
58.33 2028.85 517.37
74.24 2028.49 667.21
130.46 2035.79 248.74
128.57 2035.78 230.33
66.11 2032.15 152.20
66.54 2030.87 206.53
139.85 2037.60 446.31
139.03 2035.63 794.77
104.49 2030.35 371.58
111.46 2030.69 466.06
7.29 2028.61 678.72
14.01 2027.92 785.98
13.25 2029.48 418.28
9.47 2028.46 627.53
70.37 2029.84 526.64
74.25 2029.72 241.99
86.52 2030.48 353.43
103.14 2031.61 245.22
139.04 2037.43 436.34
138.48 2036.54 480.87
140.10 2035.87 845.04
102.87 2029.74 411.09
73.24 2027.77 1049.71
76.49 2028.71 415.60
71.58 2029.46 597.44
85.38 2029.93 356.05
29.61 2030.52 240.78
33.24 2029.96 309.41
44.39 2029.54 719.91
41.22 2029.84 481.88
89.46 2031.05 320.29
109.03 2029.25 598.40
133.35 2036.25 281.26
132.44 2034.68 349.89
4.99 2027.01 1744.07
6.35 2028.11 773.27
1.16 2028.74 1329.02
0.84 2025.50 1674.24
126.27 2034.23 236.67
125.78 2035.18 220.37
24.97 2029.79 266.08
31.62 2028.30 585.52
83.53 2028.24 548.54
96.47 2028.36 754.45
125.43 2032.37 409.84
133.49 2035.13 352.16
107.30 2031.73 349.94
105.23 2031.16 363.09
67.67 2027.97 808.89
71.94 2028.18 1126.25
91.38 2030.31 624.80
96.66 2026.91 992.14
2.77 2026.91 1685.53
13.22 2025.83 1504.52
6.06 2026.99 1732.98
6.78 2026.30 1710.16
125.55 2033.57 227.59
129.60 2035.15 241.27
28.73 2030.53 236.91
39.92 2023.87 1569.14
81.38 2028.67 451.15
94.81 2030.10 479.66
128.15 2033.36 301.37
140.65 2033.25 1316.85
106.46 2030.81 355.13
99.36 2019.00 2116.73
14.61 2025.45 1445.85
13.95 2028.95 478.48
126.48 2031.46 480.64
129.54 2033.84 322.22
127.64 2035.40 229.40
127.28 2034.29 242.11
94.33 2026.75 956.48
99.12 2023.50 1364.56
107.79 2028.75 618.35
119.63 2032.76 689.33
28.06 2026.39 1189.38
25.33 2028.53 468.12
87.59 2030.18 357.14
90.19 2029.91 533.00
42.39 2030.04 506.57
54.02 2028.91 678.67
63.19 2027.80 595.89
72.01 2025.79 1262.36
10.59 2027.45 727.48
15.58 2026.62 1294.21
31.62 2029.22 322.06
20.19 2024.66 1690.58
2.46 2020.98 1761.61
3.98 2026.22 1698.21
26.73 2028.22 434.54
52.64 2026.35 922.70
103.59 2028.78 535.11
103.24 2027.81 795.36
123.71 2030.99 986.64
118.42 2032.71 606.83
127.88 2031.97 505.45
130.63 2032.91 420.89
43.87 2024.71 1345.29
65.23 2025.14 1335.04
19.24 2025.25 1560.02
22.87 2028.55 811.86
29.39 2028.82 310.61
29.78 2027.75 759.17
43.19 2025.66 1119.71
34.49 2029.80 313.80
11.87 2027.90 717.39
13.01 2027.17 784.61
35.06 2026.37 834.90
34.94 2028.65 463.97
32.60 2029.20 322.58
34.23 2027.51 597.63
10.12 2023.65 1530.35
12.28 2024.73 1425.66
62.89 2020.83 1888.26
39.62 2028.74 529.18
10.88 2024.85 1423.77
37.16 2029.21 423.14
78.36 2027.33 687.74
80.27 2028.83 465.58
54.49 2028.01 716.35
54.67 2025.44 984.45
105.89 2027.55 787.04
117.58 2031.73 502.33
139.24 2030.90 1566.40
140.47 2029.00 1933.96
14.93 2024.24 1533.02
41.90 2021.94 1941.50
104.62 2029.20 541.67
123.42 2019.09 2036.77
27.06 2027.02 1207.34
38.79 2028.07 531.11
40.34 2019.90 2257.58
41.31 2024.13 1534.99
8.73 2023.63 1543.57
60.54 2008.36 2844.22
60.52 2020.61 1687.95
55.91 2018.31 2050.86
75.65 2026.42 1430.79
94.22 2024.18 1176.50
110.42 2028.34 670.65
112.95 2028.93 705.69
138.54 2034.43 790.93
111.38 2020.79 2317.11
106.67 2029.56 561.22
105.57 2028.75 565.28
39.13 2024.89 1454.82
58.30 2022.81 1456.88
10.13 2026.04 1578.45
10.58 2022.43 1566.90
12.87 2023.19 1504.98
11.03 2019.70 1803.79
136.44 2034.99 520.02
135.39 2033.04 725.81
107.86 2026.26 990.78
107.69 2022.04 1597.78
106.95 2025.09 1013.76
30.09 2023.48 1639.47
54.60 2023.96 1409.35
8.02 2026.74 1704.91
8.15 2024.63 1614.23
9.67 2020.23 1807.50
8.33 2022.29 1651.17
8.94 2015.62 1928.79
23.47 2027.64 942.05
138.74 2031.99 1139.26
141.32 2031.49 1562.70
0.60 2021.83 1753.05
4.75 2021.67 1736.08
128.78 2029.42 1323.11
140.71 2026.87 2079.52
136.78 2032.82 762.30
138.45 2029.96 1442.77
129.01 2030.96 643.06
137.30 2030.52 1361.37
138.44 2027.77 2077.96
140.50 2030.33 1617.04
132.66 2030.81 915.33
134.95 2030.49 1117.83
101.19 2031.06 234.32
141.29 2028.17 1978.88
101.67 2029.81 410.44
97.33 2029.34 620.83
107.32 2027.42 754.69
69.79 2026.80 975.47
80.52 2026.70 716.18
98.98 2030.87 254.98
96.86 2030.77 460.26
104.90 2021.39 1753.97
92.01 2024.41 1148.16
38.65 2027.09 864.45
47.60 2028.56 842.64
1.44 2024.11 1703.23
1.46 2026.59 1653.63
2.93 2023.64 1703.29
127.51 2029.05 1319.05
131.42 2030.44 912.63
119.65 2022.77 1964.71
137.29 2027.68 2069.45
129.89 2028.59 1308.08
132.16 2033.35 460.29
36.25 2028.36 434.14
49.91 2027.04 853.06
17.10 2024.64 1539.90
43.99 2019.11 2342.55
39.00 2029.57 440.49
14.39 2017.57 1944.61
57.99 2020.08 1694.47
51.60 2025.58 957.52
128.34 2022.19 2123.04
124.10 2029.79 1029.66
99.65 2028.35 760.79
97.96 2026.13 936.31
102.05 2021.89 1795.58
109.20 2025.92 1017.54
92.33 2022.04 1502.67
100.62 2025.78 884.01
76.45 2023.62 1448.25
74.14 2017.87 1643.14
98.95 2015.32 2302.63
135.66 2023.60 2197.53
25.04 2026.26 1347.53
37.37 2026.31 884.82
103.46 2030.63 362.72
91.70 2020.76 1776.22
71.12 2026.87 1039.82
73.29 2026.39 1366.83
65.55 2026.76 983.79
69.39 2024.04 1101.68
74.40 2025.69 1387.63
75.53 2027.84 585.67
68.34 2022.90 1189.11
74.92 2021.30 1644.21
45.31 2028.70 718.74
42.21 2023.22 1562.26
65.17 2014.08 2118.64
43.37 2023.57 1546.34
64.80 2021.95 1718.15
46.08 2026.49 1054.05
61.91 2019.97 1768.25
67.45 2013.02 2117.51
53.48 2023.07 1456.86
59.45 2019.77 1691.25
37.68 2024.92 1466.33
49.09 2022.12 1857.33
57.43 2025.51 1056.26
56.04 2021.65 1612.35
49.47 2023.75 1399.76
54.91 2020.83 1684.46
29.16 2026.63 1139.54
68.95 2025.45 1062.23
60.85 2017.56 2154.14
10.18 2017.56 1877.16
130.36 2031.41 680.60
136.32 2028.49 1916.48
131.18 2029.15 1289.92
44.96 2024.62 1371.50
57.25 2018.66 2017.58
69.41 2029.17 506.92
67.56 2025.62 1072.15
66.65 2020.72 1497.53
72.27 2021.60 1289.70
67.00 2026.95 986.83
66.90 2023.18 1239.21
64.70 2027.94 591.98
66.56 2024.50 1353.77
62.69 2025.03 1177.00
73.23 2022.58 1388.15
62.49 2029.09 401.27
59.97 2025.55 897.28
69.91 2021.19 1275.60
70.75 2023.62 1138.97
66.04 2022.01 1589.02
68.66 2021.67 1296.35
64.13 2018.61 2083.16
71.96 2019.04 1463.74
59.57 2018.21 2087.17
63.63 2017.12 2022.97
48.66 2026.32 909.25
59.01 2008.74 2863.43
58.30 2017.55 2087.86
58.70 2026.22 963.19
42.85 2019.94 2323.39
45.93 2025.24 1416.43
1.23 2018.72 1826.00
5.75 2024.11 1659.57
130.15 2027.10 1683.23
132.14 2028.21 1432.51
129.48 2024.46 2163.69
95.52 2008.67 2379.18
133.46 2028.50 1479.63
134.59 2032.11 703.29
134.42 2027.41 1864.75
136.21 2029.79 1263.39
39.62 2026.19 1058.32
26.07 2025.99 1353.39
60.80 2012.96 2783.81
63.55 2015.92 2335.34
67.38 2029.20 587.63
69.06 2027.98 813.87
59.03 2027.80 592.38
60.45 2027.96 570.34
69.97 2017.62 1606.33
72.76 2017.76 1625.83
58.53 2012.54 3198.81
68.26 2016.01 1921.70
61.70 2009.26 2805.94
59.30 2015.01 2812.86
55.93 2023.22 1421.29
64.74 2015.30 2214.19
57.20 2010.55 3025.77
67.09 2015.51 1981.51
37.57 2019.39 2121.64
54.91 2012.03 3384.25
55.47 2016.75 2593.33
66.70 2014.14 2091.95
29.53 2024.48 1478.34
45.02 2027.34 971.85
31.92 2024.54 1245.00
68.57 2017.41 1614.77
132.41 2025.93 2014.78
133.89 2026.16 2047.12
40.89 2026.47 1055.37
13.64 2016.37 1957.61
57.27 2023.92 1414.50
60.96 2026.67 819.70
63.95 2022.88 1494.11
61.62 2024.03 1243.16
60.28 2024.34 1252.68
62.34 2026.46 805.01
70.55 2018.91 1450.34
72.73 2020.27 1436.92
56.09 2009.95 3061.18
17.83 2015.91 2044.14
135.57 2027.56 1916.45
136.54 2026.74 2063.07
53.67 2015.10 3078.05
52.09 2023.18 1463.77
46.37 2019.13 2307.75
36.94 2020.82 1921.62
40.45 2021.37 1970.22
58.01 2015.92 2663.31
57.49 2021.32 1589.42
60.53 2021.99 1484.49
64.10 2020.62 1982.72
72.92 2015.21 1974.16
76.67 2018.17 1854.49
74.28 2024.44 1457.29
56.17 2026.29 1019.58
53.68 2021.51 1708.50
55.94 2027.85 696.24
62.25 2015.18 2524.89
43.67 2026.93 898.97
41.78 2025.43 1124.51
59.55 2023.02 1462.40
61.75 2022.71 1458.16
44.17 2021.77 1888.54
44.25 2022.89 1567.68
62.74 2022.20 1488.74
64.04 2024.39 1225.11
69.75 2019.88 1407.74
72.04 2016.40 1736.00
67.83 2020.67 1459.20
68.43 2019.60 1416.85
100.57 2021.12 1954.85
95.42 2026.11 970.56
64.62 2019.57 1730.53
66.52 2018.38 1663.00
70.66 2016.39 1733.41
74.48 2015.47 1998.94
60.86 2015.99 2758.49
69.64 2015.31 1879.80
69.85 2014.07 2006.59
71.16 2013.38 2021.98
62.11 2018.48 2225.20
72.46 2013.80 2030.60
63.50 2005.08 2729.20
102.05 2023.45 1237.65
74.97 2013.04 2170.85
88.58 2026.71 811.91
67.83 2018.42 1628.98
65.90 2016.23 2057.83
39.37 2022.39 1945.47
36.88 2023.72 1881.23
32.60 2026.47 815.10
31.84 2022.21 2001.74
53.71 2026.46 919.88
27.78 2025.06 1500.29
41.66 2019.25 2316.85
63.19 2012.77 2496.99
21.34 2024.94 1759.79
34.31 2025.01 1228.45
62.11 2013.59 2652.81
42.75 2027.96 831.04
35.10 2023.65 1891.59
37.77 2022.20 1969.80
35.36 2020.87 1920.48
51.21 2024.32 1394.37
52.52 2020.82 1747.58
48.34 2024.75 1374.33
51.52 2021.68 1749.00
52.35 2019.52 2128.23
54.81 2019.31 2026.10
46.30 2023.22 1602.54
50.26 2021.19 1778.32
51.05 2018.86 2230.19
49.90 2013.86 3239.60
53.42 2018.69 2090.11
56.52 2015.47 2671.31
47.71 2021.41 1932.48
50.98 2017.63 2748.35
49.97 2019.66 2312.85
52.01 2016.95 2719.34
47.63 2019.96 2330.01
45.88 2016.57 2791.79
25.06 2023.49 2057.17
46.57 2012.99 3175.62
54.10 2016.40 2630.21
52.34 2014.86 3120.17
34.42 2022.19 1963.77
36.99 2016.93 2196.75
53.15 2017.35 2669.30
51.63 2015.76 3060.56
48.95 2016.85 2835.00
56.28 2012.86 3337.04
52.82 2012.69 3397.21
54.43 2014.15 3124.15
50.56 2015.75 3053.15
51.98 2013.73 3286.42
47.78 2013.64 3211.89
39.09 2019.01 2178.60
29.55 2021.56 1962.33
34.42 2019.61 1917.46
32.65 2016.90 2198.54
52.31 2005.12 2829.67
47.34 2008.63 2805.50
52.44 2010.41 3126.52
36.51 2018.15 2028.74
38.29 2016.61 2216.72
49.91 2008.37 2939.96
50.26 2010.26 3056.74
28.50 2006.69 2330.18
55.70 2008.49 2886.55
58.57 2010.08 2985.65
54.83 2010.80 3123.93
52.16 2011.69 3221.18
51.20 2008.48 2949.08
50.90 2013.30 3275.66
50.96 2012.07 3212.96
48.94 2011.87 3152.01
50.09 2011.38 3177.02
48.82 2013.12 3243.47
47.92 2011.03 3049.24
49.37 2007.47 2877.45
56.55 2004.11 2759.04
46.45 2015.27 3026.70
45.31 2010.61 2874.29
41.91 2017.84 2541.90
39.34 2017.45 2302.52
24.87 2014.13 2186.79
46.45 2005.68 2759.07
47.70 2014.98 3048.04
45.65 2013.94 3042.63
48.63 2015.60 3089.02
48.26 2017.75 2668.87
44.18 2016.55 2778.02
37.06 2014.77 2432.36
46.58 2011.63 3004.38
49.42 2009.46 2954.22
54.90 2005.38 2846.61
47.99 2007.44 2866.93
55.92 2014.17 3114.82
53.94 2012.86 3417.84
47.65 2006.18 2792.85
54.12 2008.45 2896.24
60.61 2011.48 2869.03
57.31 2012.22 3274.43
45.76 2008.89 2779.99
51.89 2007.54 2930.06
56.55 2007.40 2828.20
58.71 2006.27 2804.63
38.25 1999.37 2417.97
50.00 2006.20 2849.26
40.78 2008.16 2572.35
45.95 2001.56 2445.97
48.23 2009.74 2928.62
56.13 2002.14 2645.00
53.66 2009.95 3132.65
51.40 2009.66 3084.73
53.74 2005.87 2846.16
69.03 2010.50 2381.31
58.10 2005.21 2823.89
53.54 2002.46 2624.95
57.03 2005.10 2831.45
57.08 2003.09 2698.48
63.12 2007.31 2745.37
56.10 2006.06 2853.24
54.89 2002.91 2641.94
52.12 2003.62 2623.51
54.82 1997.62 2469.24
55.26 2004.14 2756.38
54.17 1999.82 2466.15
61.35 1999.94 2505.22
58.46 2003.05 2702.69
55.95 1998.39 2474.81
55.57 1999.81 2470.12
52.43 1997.98 2459.72
69.90 2009.55 2385.72
62.10 2006.51 2766.95
60.15 2004.68 2779.99
58.09 2007.50 2823.74
60.86 2006.91 2779.86
62.50 2005.23 2737.95
63.04 2008.60 2765.36
64.49 2003.53 2662.61
65.25 2011.67 2424.64
61.45 2004.25 2766.05
64.16 2005.82 2711.62
59.11 2001.75 2606.46
61.88 2002.78 2689.07
67.71 2007.90 2711.73
64.54 2013.03 2443.32
63.54 2002.46 2684.26
76.44 2009.65 2335.87
59.00 2004.18 2792.26
59.96 2006.06 2800.34
92.49 2029.67 587.91
94.17 2028.01 686.91
91.01 2026.78 1025.53
103.38 2020.92 1800.99
92.78 2028.37 650.08
105.09 2026.56 838.92
89.60 2028.85 570.57
93.24 2026.18 951.66
94.48 2022.93 1353.91
99.69 2013.27 2316.54
97.16 2017.15 2255.35
88.51 2025.21 1185.01
92.20 2027.22 925.41
81.89 2023.53 1244.38
92.01 2018.58 2242.52
101.12 2028.62 757.36
101.98 2027.58 800.93
99.33 2026.74 875.35
93.15 2024.87 1205.91
106.49 2014.21 2447.11
94.51 2018.70 2055.24
104.70 2024.04 1151.83
85.72 2025.66 945.81
97.85 2021.05 1755.76
103.27 2024.37 1159.21
99.71 2017.57 2375.25
95.52 2020.51 1713.77
77.21 2012.26 2299.88
98.73 2016.63 2282.70
101.67 2018.89 2339.12
94.04 2017.60 2306.17
99.13 2021.92 1900.61
94.27 2020.77 1709.43
94.68 2016.41 2230.91
90.32 2020.66 1726.17
103.03 2019.30 2424.70
105.62 2025.26 1015.48
93.66 2019.74 1896.27
96.89 2018.60 2065.38
95.41 2024.85 1190.21
101.48 2014.86 2344.86
98.11 2019.50 2075.45
102.97 2025.75 885.17
103.86 2026.72 838.92
96.49 2023.93 1312.64
100.54 2019.74 2183.47
96.56 2014.64 2274.63
104.24 2018.18 2654.82
90.90 2025.29 1117.88
97.80 2024.40 1384.46
93.72 2021.96 1481.76
101.80 2026.34 869.70
98.71 2029.41 658.15
109.47 2015.81 2487.78
103.73 2016.67 2444.40
83.62 2020.69 1797.72
95.69 2019.17 2047.54
95.97 2022.71 1372.74
97.83 2014.33 2282.45
102.00 2016.39 2428.35
98.86 2010.16 2369.06
108.04 1999.40 2289.82
103.79 2009.40 2343.42
111.61 2029.19 669.10
96.10 2016.15 2228.92
96.45 2021.49 1691.87
100.13 2014.49 2328.97
101.14 2017.49 2395.31
108.55 2010.96 2260.66
100.56 2024.26 1250.41
98.31 2013.25 2313.57
120.11 2019.62 1973.42
96.83 2011.68 2319.93
102.54 2013.86 2377.72
100.05 2012.15 2347.99
93.86 2015.35 2236.69
100.43 2005.84 2305.26
101.31 2011.58 2357.71
103.81 2011.93 2376.04
101.97 2007.59 2295.79
106.53 2012.04 2333.14
105.92 2010.80 2332.32
103.92 2014.21 2387.28
102.34 2009.09 2356.61
104.43 2010.72 2346.35
102.44 2012.35 2370.21
104.64 2013.11 2401.56
105.87 2013.14 2406.06
104.59 2015.49 2458.66
104.54 2008.29 2288.41
127.19 2019.00 2096.84
100.69 2007.12 2305.37
104.97 2006.36 2287.59
101.27 2010.01 2376.88
104.06 2007.07 2290.66
99.91 2009.37 2378.47
97.49 2008.30 2388.15
106.23 2004.59 2287.26
106.42 2008.82 2280.74
98.96 2011.37 2339.80
95.94 2006.68 2377.06
102.94 2006.68 2292.35
106.88 2006.72 2282.30
76.00 2007.35 2470.03
103.68 2002.99 2301.25
99.27 2003.90 2311.34
102.61 2005.23 2298.95
98.44 2007.47 2372.91
105.01 2005.08 2290.09
103.76 2004.34 2294.21
104.81 2002.03 2295.98
105.95 2002.24 2293.22
107.36 2008.39 2277.42
99.70 2007.98 2360.72
98.14 2006.00 2308.91
94.52 2011.52 2311.22
106.01 1999.36 2298.45
84.42 2001.86 2382.19
80.71 2011.44 2353.66
102.02 1997.69 2316.77
101.25 2002.47 2308.23
114.07 1999.98 2269.42
100.76 2003.66 2310.24
104.25 2000.75 2305.27
99.92 1993.37 2326.10
98.94 2001.46 2317.81
111.55 2001.25 2274.10
106.58 2003.43 2283.41
102.93 2000.87 2306.46
106.92 2001.28 2288.29
104.82 1999.59 2300.29
104.03 1998.49 2308.02
108.05 2001.90 2284.73
107.83 1998.05 2294.86
106.92 2000.14 2293.15
105.94 1997.03 2303.34
107.89 2003.13 2281.61
118.53 2003.73 2246.78
82.46 2029.34 448.95
108.88 2004.03 2275.56
107.19 2005.58 2280.61
129.99 2008.07 2192.53
125.50 2017.08 2108.50
122.20 2010.58 2196.47
138.62 2021.84 2167.64
128.24 2016.60 2126.84
135.39 2014.95 2160.60
108.53 2005.31 2278.63
109.25 2006.38 2268.12
87.52 2027.72 688.35
89.89 2027.50 848.54
86.06 2027.33 684.96
90.10 2023.16 1352.25
84.94 2028.54 536.22
84.20 2023.41 1290.34
87.12 2024.55 1115.94
87.94 2021.79 1721.92
120.42 2031.68 820.63
125.23 2025.86 1604.16
76.66 2025.87 1319.31
75.13 2023.54 1504.09
9.31 2013.16 2025.56
8.05 2016.86 1889.21
8.80 2025.85 1573.53
6.83 2024.96 1633.35
137.28 2034.19 713.05
135.18 2034.35 473.33
138.99 2028.90 1947.99
139.33 2026.58 2083.91
54.23 2030.01 377.99
52.95 2029.03 696.53
23.11 2029.72 373.96
21.68 2028.53 782.09
117.82 2033.94 428.54
116.40 2032.43 503.73
51.96 2027.37 910.34
50.93 2026.60 876.58
3.03 2017.99 1845.97
0.60 2023.16 1710.32
7.00 2020.56 1797.71
4.17 2024.76 1679.85
3.36 2022.09 1738.47
1.20 2020.92 1762.36
4.14 2019.56 1799.77
0.63 2017.63 1867.09
2.97 2019.83 1799.34
4.97 2017.79 1856.66
8.57 2019.28 1814.48
1.38 2016.64 1892.40
0.60 2019.64 1802.67
2.34 2018.84 1826.11
0.75 2015.23 1941.31
4.78 2016.54 1897.78
3.34 2014.63 1962.76
1.48 2012.85 2034.46
5.97 2014.66 1973.28
9.82 2010.14 2104.69
2.67 2016.88 1891.54
6.88 2016.94 1887.80
6.19 2018.11 1857.70
3.61 2016.04 1899.87
1.78 2014.06 1962.35
8.86 2006.74 2184.07
12.53 2016.56 1952.03
8.91 2017.98 1875.35
6.53 2019.02 1812.31
10.27 2016.13 1934.55
11.92 2022.08 1549.18
3.44 2011.57 2048.59
4.57 2012.42 2040.66
5.93 2015.94 1899.87
8.54 2014.43 1984.53
7.35 2009.89 2103.63
18.26 2021.82 1772.39
10.86 2012.83 2028.09
13.67 2019.91 1763.93
8.66 2008.03 2155.29
15.57 2015.71 2015.58
11.49 2015.62 1946.39
12.33 2017.84 1885.47
14.49 2012.69 2077.33
16.48 2017.90 1966.40
8.50 2010.77 2100.47
11.19 2011.11 2103.85
11.95 2014.04 2024.29
16.58 2015.13 2032.71
6.07 2010.44 2101.08
3.03 2004.62 2195.54
19.25 2012.74 2126.17
14.34 2015.31 2008.50
13.68 2013.91 2029.20
15.50 2017.29 1953.20
13.71 2007.23 2183.70
16.15 2012.71 2081.43
18.80 2017.98 1986.59
14.84 2022.09 1633.14
8.31 2012.06 2038.16
8.13 2004.55 2219.55
7.05 2012.58 2037.12
5.95 2011.83 2042.67
25.38 2021.20 2144.27
12.50 2008.26 2169.65
7.09 2013.99 1982.98
4.55 2013.84 1973.04
2.31 2011.89 2047.68
2.69 2007.93 2145.62
7.49 2008.54 2151.08
17.53 2009.28 2169.96
4.94 2009.61 2105.61
6.56 2006.28 2186.59
1.56 2004.70 2194.95
6.37 2007.67 2151.50
1.48 2001.86 2229.06
20.67 2016.50 2090.66
23.33 2013.93 2168.88
4.05 2005.78 2189.23
1.42 2007.53 2145.47
5.10 2008.19 2148.35
3.69 2010.15 2104.29
0.59 2008.95 2123.97
2.68 2009.40 2110.27
1.41 2010.00 2110.70
0.83 2006.13 2174.48
21.43 2010.93 2168.83
3.85 2007.26 2149.45
20.03 2015.34 2095.47
12.72 2010.26 2112.16
19.86 2004.00 2272.97
15.42 2010.30 2122.74
17.73 2010.81 2139.99
16.94 2013.75 2090.59
20.13 2017.73 1999.85
8.77 1998.99 2286.77
16.57 2011.38 2129.92
14.11 2011.00 2114.22
24.86 2017.11 2136.19
20.96 2014.34 2124.43
16.01 2009.01 2167.55
27.16 2018.83 2264.98
25.68 2018.59 2236.43
23.11 2009.19 2236.57
22.21 2016.18 2099.23
4.37 1999.18 2262.59
5.62 2001.06 2247.97
18.85 2015.10 2083.30
18.84 2023.03 1777.73
22.32 2014.84 2144.94
18.37 2013.71 2094.77
18.96 2011.35 2146.66
22.88 2012.59 2156.59
20.66 2013.13 2132.59
21.58 2012.29 2151.99
25.70 2015.62 2203.93
19.97 2009.06 2190.25
24.39 2006.66 2275.91
20.23 2010.38 2162.51
23.59 2011.50 2175.76
18.56 2007.02 2224.30
22.68 2010.41 2176.20
23.03 2001.78 2323.56
22.26 2008.00 2225.73
25.02 2011.38 2177.17
27.42 2012.70 2155.55
3.55 2001.15 2239.72
3.50 2003.27 2219.04
4.78 2002.97 2220.08
0.73 2003.13 2215.16
5.50 2005.32 2190.26
24.22 2003.75 2313.35
27.59 2005.93 2313.24
24.59 2008.96 2242.61
40.95 2012.50 2757.39
2.85 1995.65 2288.85
20.78 2002.75 2300.67
5.76 2003.86 2219.20
9.12 2000.99 2265.84
26.94 2009.66 2264.27
23.06 2006.61 2271.21
29.80 2014.00 2360.16
33.08 2020.02 1925.02
25.06 2007.82 2286.73
28.26 2011.57 2230.56
4.35 1997.71 2282.12
7.45 2002.27 2246.73
25.31 2005.76 2296.16
17.06 1999.17 2314.29
4.80 2001.69 2241.30
8.36 1994.39 2304.65
2.78 2002.09 2229.72
1.79 1999.27 2257.99
0.76 2000.29 2250.95
3.30 1999.91 2258.65
22.89 2004.11 2308.29
22.15 2002.92 2304.38
26.46 2006.38 2304.60
35.06 2001.26 2399.96
42.27 2008.66 2595.39
22.29 2005.34 2271.57
27.37 1995.72 2374.52
25.29 2004.49 2321.91
26.27 2007.57 2292.62
20.03 2006.67 2228.14
20.64 2005.41 2268.66
15.54 2005.23 2234.21
18.49 2003.92 2269.50
17.65 2004.92 2252.19
17.69 2002.72 2269.90
23.60 1995.53 2359.77
26.66 2003.79 2330.75
24.27 2002.23 2328.61
27.81 2004.61 2341.71
32.91 2003.76 2406.51
38.49 2008.56 2513.52
39.19 2006.68 2526.44
34.95 2015.79 2307.63
27.16 2008.31 2308.79
25.58 2010.06 2253.28
25.85 2012.67 2158.91
27.44 2015.53 2218.22
30.78 2021.24 1956.15
29.27 2022.56 1881.40
29.67 2011.67 2243.11
28.18 2014.07 2358.19
33.59 2012.41 2410.24
32.95 2014.33 2422.53
19.19 1999.46 2321.91
0.65 1996.90 2283.10
6.47 1999.36 2265.47
8.65 2002.12 2248.62
19.17 2000.85 2305.31
22.62 2000.72 2321.17
20.38 2001.41 2309.03
1.46 1993.14 2291.67
6.73 1998.26 2284.50
9.70 1997.18 2298.80
5.68 1997.23 2283.88
6.76 2001.29 2249.26
3.16 1997.05 2281.90
5.24 1994.47 2294.81
17.58 2006.23 2220.61
16.34 2003.22 2267.24
16.20 2006.50 2217.57
16.37 2004.42 2248.43
8.44 2000.06 2266.45
7.87 1998.04 2286.07
15.40 2007.72 2186.37
13.52 2005.87 2225.93
17.94 2001.45 2299.95
21.35 2000.51 2318.92
15.39 1994.32 2327.88
11.64 2003.03 2253.38
5.44 1999.80 2263.39
7.28 2000.22 2264.91
15.48 2000.94 2293.02
18.20 1998.72 2317.85
15.24 2002.39 2264.97
16.08 1998.30 2309.72
12.80 1996.25 2311.83
16.70 1993.47 2331.98
31.81 1999.24 2384.80
32.71 1995.23 2396.14
8.46 1996.93 2297.41
9.84 1998.54 2289.49
7.77 1995.88 2296.00
11.20 1993.18 2315.16
10.92 1999.07 2291.37
14.62 2000.01 2290.18
11.82 2004.57 2226.98
12.56 2000.86 2278.20
6.13 1995.97 2295.14
6.72 1993.30 2300.26
11.80 1997.14 2305.77
9.88 1994.26 2306.60
13.39 1999.99 2288.78
10.58 2002.45 2252.03
7.89 2005.86 2188.00
12.85 1994.03 2320.90
10.81 1995.46 2310.05
10.31 2001.17 2267.20
9.53 2002.98 2248.74
11.15 2000.37 2276.25
12.78 2002.24 2258.74
9.39 2004.16 2221.90
7.07 2003.51 2221.35
10.61 2005.17 2221.75
9.84 2008.76 2157.11
13.99 2002.99 2260.70
13.89 2004.22 2232.20
18.39 1997.60 2331.25
13.95 1996.68 2314.34
10.33 2006.44 2184.78
10.99 2007.74 2167.70
133.13 2032.22 706.34
133.73 2029.81 1058.40
132.33 2024.41 2256.00
134.27 2023.10 2204.24
132.06 2021.05 2158.87
131.11 2018.53 2130.19
138.47 2018.18 2158.89
135.67 2024.81 2190.49
131.01 2021.89 2156.26
133.46 2021.09 2160.07
129.55 2021.36 2146.08
128.42 2018.01 2113.45
131.09 2023.66 2235.13
129.15 2020.16 2124.60
129.13 2026.11 1638.61
126.99 2027.82 1329.54
127.20 2021.31 2100.45
134.41 2018.68 2152.03
126.49 2025.47 1627.46
128.19 2023.52 2088.07
127.53 2026.55 1609.70
112.47 2019.96 2428.27
133.62 2023.95 2241.73
131.52 2017.10 2145.18
136.48 2022.78 2179.13
136.71 2025.57 2160.58
123.51 2027.17 1254.56
123.37 2022.97 1906.94
124.71 2019.57 2057.48
119.11 2013.73 2177.23
124.78 2020.99 2043.78
137.81 2025.09 2152.86
125.85 2018.63 2087.21
134.30 2021.83 2168.31
137.87 2022.95 2176.19
123.59 2021.64 2044.25
120.46 2021.78 1994.08
122.97 2017.76 2077.02
126.36 2014.40 2148.73
135.78 2021.52 2168.79
138.83 2019.56 2163.44
129.38 2015.58 2138.23
141.42 2024.68 2137.98
125.95 2021.76 2084.03
139.45 2024.41 2148.77
122.33 2019.92 1977.13
125.70 2023.22 1954.48
124.17 2025.05 1579.90
121.27 2019.22 1969.84
107.87 2012.11 2319.94
126.81 2024.10 2021.48
124.80 2027.13 1275.09
122.43 2021.04 2032.63
121.63 2017.82 2075.14
121.03 2029.31 775.10
120.75 2026.89 1216.50
121.36 2024.23 1850.48
119.79 2020.77 2020.60
118.94 2024.96 1805.05
113.76 2025.03 1744.73
117.59 2024.43 1853.11
112.56 2013.80 2210.50
120.27 2009.35 2212.85
123.90 2016.69 2105.20
124.32 2023.78 1920.29
121.82 2025.55 1432.50
125.51 2028.01 1307.90
123.09 2025.83 1470.16
125.17 2029.37 1117.17
123.11 2029.14 941.55
122.17 2029.89 838.78
119.28 2026.57 1208.93
118.87 2029.83 625.18
141.15 2022.56 2161.99
118.17 2028.85 643.71
118.11 2027.58 1057.82
115.23 2020.10 2133.14
73.07 2023.81 1286.25
74.45 2022.37 1429.66
71.92 2024.46 1173.36
70.95 2021.99 1256.11
82.75 2021.61 1592.05
81.79 2024.78 1024.55
70.88 2011.99 2207.89
89.72 2014.83 2299.68
41.38 2027.73 860.39
43.18 2029.20 684.96
31.50 2026.55 825.23
33.13 2027.48 594.27
31.02 2025.57 1189.03
32.94 2025.14 1238.34
29.96 2025.48 1209.12
31.42 2023.45 1615.27
28.44 2024.29 1485.93
28.24 2023.07 1918.88
26.18 2023.75 1992.81
29.70 2019.55 2025.17
28.15 2017.96 2261.13
29.80 2016.44 2250.31
28.88 2020.52 2027.64
30.84 2020.05 1986.48
27.65 2020.34 2049.58
28.32 2016.64 2243.61
31.94 2019.34 1949.37
33.03 2021.70 1966.97
26.77 2021.40 2117.92
23.34 2019.94 2124.26
30.54 2015.27 2341.65
29.45 2018.50 2249.71
30.35 2017.61 2239.78
34.95 2018.32 2021.06
27.16 2022.70 1973.64
24.02 2024.30 2120.85
24.65 2022.24 2176.38
23.15 2017.23 2129.61
32.04 2015.39 2351.90
31.70 2017.95 2218.38
34.38 2014.60 2429.83
34.13 2017.04 2186.58
32.18 2011.35 2307.26
43.51 2012.74 2902.06
36.55 2013.64 2524.95
36.24 2015.86 2309.02
20.99 2022.74 1882.31
21.05 2018.92 2053.18
33.26 2011.39 2318.86
35.15 2013.53 2517.34
32.30 2009.15 2359.93
42.18 2005.72 2593.71
37.17 2012.58 2586.00
38.45 2012.33 2611.80
36.37 2011.28 2502.73
37.25 2010.37 2542.94
44.42 2013.87 2999.10
39.49 2014.58 2503.57
35.25 2011.32 2475.47
38.58 2011.00 2607.62
34.24 2006.73 2416.75
36.33 2008.30 2450.49
39.72 2010.36 2644.67
39.55 2013.14 2706.62
39.65 2009.05 2530.65
43.78 2011.19 2819.61
40.99 2011.05 2703.92
42.40 2010.24 2742.38
24.02 2025.47 1432.19
23.44 2022.25 2166.50
21.81 2026.12 1423.61
23.00 2023.51 2121.65
22.73 2021.24 2005.51
24.78 2019.91 2147.88
21.06 2027.42 1053.85
19.25 2028.68 839.27
21.33 2021.49 1981.78
22.52 2018.74 2069.75
19.88 2027.48 1011.34
16.84 2026.23 1216.23
38.36 2007.38 2499.51
37.14 2002.72 2421.49
20.02 2023.28 1816.57
21.96 2023.75 2065.86
18.25 2024.28 1577.90
20.46 2020.37 1918.41
16.13 2022.57 1662.46
18.27 2019.29 1871.35
17.81 2027.05 1043.56
19.07 2026.42 1055.33
40.21 2005.02 2542.64
43.08 2006.42 2639.28
37.23 2009.24 2495.69
40.46 2006.97 2536.25
34.93 2008.26 2437.45
30.35 2005.16 2370.54
30.86 2001.71 2376.02
36.80 2005.78 2479.38
33.97 2009.40 2371.93
35.31 2005.46 2466.44
31.52 2010.32 2294.12
31.71 2007.85 2362.12
31.93 2005.08 2377.69
35.70 2002.70 2419.36
29.32 2009.62 2276.89
30.35 2007.67 2357.80
29.31 2004.06 2349.71
32.69 2006.58 2409.16
29.51 2002.55 2365.13
32.39 2002.22 2382.92
27.99 2010.32 2272.97
28.26 2007.88 2319.95
25.45 2001.50 2338.34
31.58 1998.02 2384.29
29.48 1998.10 2378.22
28.21 2000.16 2365.46
33.57 2001.00 2396.21
30.71 1996.16 2386.72
33.13 1999.60 2388.21
34.14 1998.42 2398.34
30.71 2000.12 2376.75
34.74 2003.98 2412.89
32.35 1997.22 2390.28
28.11 2001.64 2355.47
29.45 1999.48 2371.60
21.17 1996.96 2342.69
30.51 1997.52 2381.76
28.50 1997.46 2374.50
19.35 1997.24 2333.91
41.57 2000.86 2433.00
37.89 2001.50 2424.71
20.23 1998.84 2326.81
24.46 1997.60 2355.62
35.54 1998.67 2401.22
36.02 2000.12 2409.37
35.23 1995.50 2403.91
38.02 2003.68 2432.45
39.29 2001.77 2426.44
41.11 2005.94 2579.24
37.43 2000.34 2411.77
39.43 2003.03 2438.35
37.76 1993.98 2413.04
36.61 1997.66 2409.36
41.88 2003.37 2464.68
39.09 2005.52 2527.07
53.49 1995.60 2463.64
42.34 2002.14 2444.85
37.92 1998.13 2412.48
45.27 2006.38 2714.48
42.58 1999.84 2435.14
40.23 2000.70 2430.95
40.45 2003.75 2459.73
42.71 2004.41 2570.80
44.94 2003.67 2559.77
44.19 2005.74 2672.23
44.85 2007.80 2682.21
43.33 2007.74 2664.73
43.97 2004.52 2579.08
46.35 2004.19 2574.08
27.24 1997.91 2372.01
22.20 1997.43 2346.20
42.79 1993.20 2426.95
29.45 1994.01 2381.08
39.03 1996.10 2416.90
33.58 1997.26 2391.55
25.43 1996.71 2363.72
26.98 1999.24 2358.28
27.04 1994.30 2372.35
23.14 1999.55 2340.17
26.53 1996.84 2366.36
30.36 1993.26 2390.33
28.51 1996.15 2377.11
29.69 1995.43 2381.45
34.29 1993.26 2401.92
34.02 1996.04 2400.36
31.84 1993.26 2391.92
27.93 1993.31 2378.68
31.82 1996.00 2388.54
35.37 1993.98 2406.34
32.84 1993.96 2399.16
36.47 1996.22 2408.54
40.27 1993.91 2419.51
38.89 1993.26 2416.83
36.58 1993.28 2409.55
37.78 1995.41 2412.96
44.83 2002.34 2445.74
41.62 1996.14 2425.57
38.16 2028.90 450.87
36.33 2026.87 831.72
64.60 2017.67 1960.00
63.16 2018.06 2170.11
65.68 2017.40 1911.19
65.93 2019.62 1697.00
47.43 2027.13 974.22
46.96 2024.31 1440.39
24.63 2027.59 930.87
23.03 2026.33 1437.00
45.27 2021.15 1910.54
42.97 2021.16 1925.23
46.50 2022.02 1892.23
45.15 2023.48 1572.17
62.98 2011.34 2615.11
64.27 2010.69 2556.21
61.70 2010.70 2693.90
64.33 2009.39 2664.77
66.91 2008.97 2592.04
68.82 2012.99 2102.90
67.18 2006.77 2652.73
74.53 2002.52 2537.38
66.62 2011.60 2397.12
67.48 2010.31 2395.89
65.48 2008.61 2627.84
68.88 2007.73 2694.41
64.18 2006.76 2731.92
66.14 2006.50 2665.12
68.79 2004.13 2613.46
75.94 2012.00 2280.70
65.77 2005.41 2683.74
72.13 2006.22 2560.46
40.83 2016.92 2377.73
42.14 2014.75 2672.34
49.79 2015.00 3108.14
50.13 2016.92 2852.78
48.72 2019.15 2378.35
45.21 2019.70 2276.23
43.43 2017.73 2579.28
46.72 2017.74 2669.00
59.39 2013.56 2918.17
59.38 2011.21 2935.47
53.33 2007.42 2927.25
51.23 2006.17 2851.94
47.30 2001.89 2446.55
50.47 2001.31 2431.44
51.77 2000.44 2437.40
67.13 1997.23 2494.18
106.62 2009.88 2280.57
107.90 2009.97 2278.25
105.66 2008.21 2286.41
108.20 2009.04 2271.84
105.89 2007.02 2284.36
107.59 2007.48 2275.90
109.98 2008.72 2262.76
110.62 2009.87 2248.14
109.01 2008.49 2266.26
113.05 2011.62 2222.14
109.15 2001.27 2281.60
119.30 2015.01 2144.20
109.82 2013.43 2292.82
110.01 2010.98 2257.80
111.92 2009.61 2245.14
110.69 2012.27 2233.53
112.92 2006.23 2255.56
116.64 2012.46 2203.33
101.37 2004.87 2301.26
99.14 2005.23 2306.85
94.72 2004.33 2313.59
104.58 1997.31 2304.64
115.81 1995.90 2263.93
113.01 1999.01 2275.18
91.62 2023.13 1354.34
82.80 2027.02 655.24
89.71 2024.51 1250.62
83.03 2025.72 980.17
84.32 2025.00 969.24
80.51 2025.42 1070.76
85.32 2022.48 1410.12
79.28 2024.56 1100.26
80.99 2020.34 1915.07
83.00 2022.88 1293.84
85.98 2020.00 1996.04
78.21 2025.06 1136.34
78.48 2021.99 1376.64
79.54 2022.99 1257.23
80.87 2022.59 1261.80
79.80 2018.59 2189.68
81.42 2021.40 1576.76
79.82 2019.95 1956.52
81.07 2018.11 2263.87
79.96 2015.82 2282.23
85.60 2018.64 2255.09
82.73 2014.64 2345.63
83.92 2016.84 2576.84
78.73 2020.54 1942.22
83.15 2019.29 2062.23
81.86 2019.14 2054.94
86.49 2017.74 2417.18
76.61 2020.09 1808.01
77.77 2018.59 1924.51
82.63 2016.15 2489.02
84.14 2018.26 2273.12
88.39 2019.07 2098.22
87.41 2020.29 2005.19
81.83 2012.42 2322.23
94.67 2010.35 2353.23
89.80 2019.27 2117.63
89.43 2021.96 1679.71
90.71 2018.29 2262.23
92.47 2019.66 1900.13
86.27 2016.53 2632.91
92.49 2015.47 2245.42
81.30 2016.78 2403.89
86.36 2012.57 2322.05
92.72 2017.56 2328.28
91.98 2016.50 2357.82
89.63 2016.20 2501.54
87.44 2014.69 2313.49
93.21 2012.07 2307.92
94.22 2014.14 2260.45
90.18 2012.57 2269.28
95.69 2009.81 2355.38
78.70 2016.53 2172.38
80.15 2014.35 2334.47
74.98 2016.76 1848.17
81.58 2013.81 2346.80
79.14 2013.43 2312.85
79.45 2011.91 2365.03
85.16 2016.01 2611.55
87.36 2015.89 2553.70
77.77 2013.57 2302.81
78.25 2011.27 2345.74
77.36 2016.00 2099.73
73.57 2012.72 2144.80
75.55 2010.78 2334.66
90.72 2006.66 2402.52
84.00 2014.00 2311.31
84.07 2012.76 2302.04
71.80 2010.96 2268.40
74.17 2008.98 2435.55
81.13 2010.05 2392.85
88.77 2012.80 2280.23
88.38 2016.71 2576.34
87.86 2017.88 2394.66
73.13 2008.24 2481.39
80.16 2005.20 2442.01
77.87 2009.88 2329.38
81.73 2004.83 2433.46
83.46 2010.80 2374.28
85.35 2006.84 2389.80
74.20 2010.37 2333.19
75.64 2008.50 2421.29
73.19 2011.27 2271.30
71.89 2008.67 2501.03
75.14 2006.34 2514.17
79.82 2006.59 2451.51
69.75 2008.35 2624.88
72.46 2005.15 2550.58
77.34 2006.73 2465.47
73.23 2006.97 2537.04
70.93 2007.81 2591.23
74.12 2004.35 2532.31
70.04 2005.94 2599.60
66.61 2004.47 2643.69
78.62 2001.48 2459.08
83.71 1995.79 2409.12
78.80 2008.84 2358.91
84.87 2010.77 2374.99
86.33 2014.00 2303.44
87.70 2011.93 2313.62
85.13 2014.67 2295.92
83.05 2012.01 2312.09
85.62 2009.60 2378.52
90.03 2010.29 2335.85
82.66 2009.81 2399.22
85.23 2012.01 2320.90
82.27 2007.35 2430.21
84.30 2005.63 2409.48
74.09 2006.26 2520.44
77.06 2005.38 2506.50
79.13 2004.08 2472.67
80.89 2007.61 2431.58
79.09 2000.11 2439.14
87.71 2008.57 2381.59
77.70 2004.27 2482.56
79.65 2002.59 2435.19
75.61 2003.32 2522.01
76.80 2003.09 2511.42
72.12 1993.31 2462.98
80.85 1995.30 2431.46
77.20 2001.78 2466.73
81.46 2000.89 2421.71
81.17 2002.21 2427.48
86.80 2001.68 2372.31
75.20 1996.48 2459.41
82.59 2000.21 2413.54
84.21 1998.08 2408.81
80.39 1997.63 2432.53
83.63 2003.11 2392.56
82.23 2003.32 2399.99
84.67 2004.29 2363.48
85.81 2002.27 2377.60
84.75 2008.29 2421.01
86.28 1999.35 2393.48
83.94 2000.56 2408.57
82.94 1997.98 2410.85
84.86 1999.32 2396.34
81.29 1996.45 2419.98
84.78 1996.71 2400.89
86.90 1995.42 2384.57
87.05 2000.44 2378.07
82.24 1998.87 2420.46
82.57 1996.68 2416.40
80.40 1999.90 2434.52
80.96 1998.75 2422.56
76.11 2000.72 2485.24
78.79 1997.52 2435.20
79.39 1993.83 2432.51
78.05 1998.85 2455.23
76.58 1995.65 2449.96
83.29 1992.99 2409.11
87.72 1993.18 2386.40
83.66 1994.73 2412.86
86.53 1994.02 2393.55
88.76 1993.66 2381.91
90.33 2002.05 2358.18
79.37 1995.10 2434.25
76.08 1994.03 2451.07
80.79 1993.13 2429.56
78.22 1996.15 2445.48
77.74 1993.26 2440.51
82.63 1993.89 2417.57
81.61 1994.03 2420.62
84.32 1993.82 2404.53
75.20 1998.10 2472.66
85.34 1993.39 2400.03
88.40 1998.03 2381.92
86.96 1998.01 2384.17
88.47 2000.38 2376.24
86.11 1996.61 2397.45
88.39 1995.65 2382.26
88.96 2001.56 2361.63
87.31 2005.48 2390.57
89.13 1999.31 2368.99
87.99 2002.35 2366.92
90.70 1999.41 2367.03
91.40 2000.97 2351.21
90.53 1993.72 2369.57
100.85 2000.05 2315.43
93.96 1999.06 2346.08
92.92 2006.80 2404.60
89.21 2003.98 2340.21
85.91 2003.77 2354.28
89.35 2005.13 2372.98
94.02 2007.39 2401.70
73.63 1998.71 2479.76
74.52 1993.32 2453.57
93.33 1996.65 2348.62
90.48 1996.78 2369.77
70.00 2004.78 2601.46
64.14 2000.90 2565.11
73.60 1995.62 2463.80
73.42 1994.08 2459.52
66.58 2002.15 2602.91
76.48 1999.15 2460.87
72.45 1997.81 2486.25
74.63 2001.24 2494.28
91.86 1995.19 2361.10
89.06 1994.72 2374.02
92.27 1993.16 2360.62
90.09 1994.79 2372.58
90.86 1995.64 2364.72
89.79 1993.03 2377.10
89.05 1996.86 2371.84
92.82 1995.57 2357.96
91.40 1998.05 2358.09
96.65 1994.11 2337.71
98.33 1994.37 2335.24
126.34 2030.07 1251.28
124.17 2032.01 407.04
123.43 2033.03 313.26
121.75 2031.89 878.85
119.98 2030.13 677.60
122.46 2030.91 958.99
121.33 2028.07 1057.20
122.82 2028.07 1052.35
81.57 2027.37 683.45
79.62 2027.51 659.44
77.03 2024.65 1173.33
77.84 2026.29 1264.26
5.91 2022.57 1708.87
5.02 2020.30 1792.47
6.02 2019.99 1795.08
4.17 2018.41 1846.84
7.17 2021.77 1686.18
7.52 2019.60 1812.08
9.51 2021.52 1626.85
11.20 2018.33 1871.93
13.61 2018.47 1901.73
12.22 2020.64 1771.27
0.46 2012.02 2042.18
1.29 2011.06 2050.98
14.82 2020.68 1739.70
16.17 2020.28 1748.07
17.81 2017.11 1986.77
19.01 2020.49 1896.30
16.91 2021.68 1751.21
16.79 2019.22 1862.13
20.87 2007.99 2221.28
18.51 2008.51 2185.16
1.68 1997.88 2280.64
1.37 1995.48 2288.47
3.68 1994.30 2293.86
2.94 1993.14 2291.91
0.72 1994.14 2290.27
16.83 2000.50 2296.19
14.99 1998.70 2306.52
23.63 1993.12 2360.98
21.32 1994.47 2350.49
14.55 2005.09 2232.43
12.86 2005.01 2228.46
20.21 1997.75 2337.24
14.22 1993.41 2323.07
16.41 1996.86 2324.05
14.02 1998.00 2303.45
15.25 1995.95 2318.93
13.03 1998.71 2298.67
11.96 1998.28 2296.80
10.61 1996.58 2303.37
12.30 1995.23 2310.88
129.64 2018.89 2124.97
127.66 2020.16 2123.25
138.34 2023.97 2152.65
140.58 2023.93 2146.33
141.42 2026.02 2088.67
138.92 2025.53 2144.37
121.53 2021.91 1991.65
118.53 2022.34 1968.59
122.11 2023.16 1907.75
119.96 2023.97 1844.83
122.75 2011.95 2176.71
136.45 2012.54 2168.35
123.50 2015.14 2142.49
124.79 2013.90 2148.91
110.37 1998.98 2282.32
122.93 2009.24 2199.45
129.06 2014.00 2153.49
126.66 2016.03 2123.21
121.63 2013.13 2174.84
124.36 2012.26 2175.16
130.29 2013.05 2157.15
130.72 2015.88 2140.80
120.22 2012.77 2176.94
119.09 2009.10 2214.72
125.06 2010.03 2191.76
127.61 2013.39 2152.99
126.56 2011.34 2177.37
127.28 2007.82 2196.06
131.55 2014.88 2148.54
133.43 2014.24 2158.02
121.95 2014.68 2143.83
120.72 2010.45 2197.82
120.68 2016.98 2084.06
120.73 2015.60 2140.83
125.88 2005.70 2209.64
127.51 2012.02 2174.64
119.12 2018.70 2004.88
116.42 2014.89 2172.90
119.86 2011.48 2198.24
120.86 2008.43 2211.39
119.34 2017.47 2083.00
115.64 2011.84 2210.72
118.45 2011.26 2200.10
118.13 2009.98 2218.61
120.73 2006.51 2218.75
132.52 2010.98 2176.01
117.77 2012.13 2201.57
115.45 2007.43 2237.82
116.71 2008.03 2233.37
118.91 2004.86 2235.69
128.72 2011.08 2175.79
134.59 2014.09 2159.03
131.45 2013.62 2157.63
132.93 2016.51 2147.83
133.03 2012.06 2169.52
132.78 2015.20 2150.04
134.15 2017.07 2150.51
132.07 2019.56 2143.89
135.10 2012.76 2168.01
135.29 2016.22 2154.22
117.86 2019.09 2041.41
118.49 2016.81 2089.34
126.19 2008.42 2197.05
130.05 2011.49 2174.98
118.07 2013.31 2180.79
116.95 2013.64 2181.65
117.18 2015.86 2146.26
114.01 2013.74 2207.38
119.04 2007.81 2223.59
116.50 2005.25 2243.24
117.64 2020.37 2052.72
113.94 2020.76 2265.59
125.31 2011.25 2177.55
128.17 2009.95 2185.41
124.20 2009.13 2197.85
126.94 2010.15 2185.99
127.27 2006.47 2207.10
131.20 2010.58 2176.33
116.83 2017.99 2128.50
114.00 2016.28 2285.91
112.01 2012.48 2229.73
114.36 2012.42 2215.22
117.83 2005.84 2239.96
120.29 2005.24 2233.38
118.58 2021.13 2029.01
115.44 2018.47 2187.45
116.49 2026.86 1059.71
111.58 2024.68 1577.33
124.63 2006.59 2211.92
126.18 2009.52 2190.16
122.12 2006.95 2217.04
127.15 2003.77 2215.97
124.93 2007.97 2198.25
128.49 2005.71 2205.50
124.89 2003.35 2224.09
133.56 2004.58 2200.08
129.99 2006.41 2203.60
128.50 2008.71 2193.30
127.72 2000.52 2222.45
134.74 2010.40 2177.22
107.49 1993.15 2300.13
115.13 2001.95 2263.46
122.55 2002.23 2233.71
123.20 2006.07 2214.36
117.95 2007.22 2228.82
117.42 2003.31 2248.55
116.84 2009.51 2222.39
115.36 2006.03 2247.21
111.63 1999.65 2278.20
118.89 2002.79 2243.41
115.63 2010.31 2227.10
114.32 2009.60 2232.63
116.46 2003.84 2251.52
117.39 2001.24 2256.10
114.26 2008.20 2242.55
113.02 2007.59 2247.18
115.24 2003.24 2255.58
113.90 2001.33 2266.76
114.07 2005.43 2251.10
112.74 2003.40 2263.58
112.96 1994.34 2278.65
109.14 1999.90 2286.42
116.14 2000.95 2258.52
124.97 1998.13 2230.41
113.01 2010.33 2237.42
111.99 2008.27 2252.09
112.75 2001.97 2269.87
117.36 1998.06 2259.80
108.81 1995.91 2291.03
118.35 2000.34 2251.26
113.47 1997.34 2271.76
114.99 1997.12 2269.63
115.47 1999.68 2267.73
110.19 1997.65 2288.79
115.92 1998.49 2262.13
106.59 1997.97 2296.33
109.64 1993.23 2292.39
106.97 1995.44 2297.93
111.01 1996.45 2282.99
112.48 1996.12 2281.02
108.74 1997.22 2290.67
110.18 1995.35 2289.19
110.57 1994.03 2286.42
114.25 1993.54 2275.40
117.78 2030.67 572.36
111.87 1993.35 2284.03
117.08 2029.69 651.68
115.89 2029.48 696.96
115.36 2027.92 1071.65
114.91 2030.52 565.78
113.75 2027.66 1015.22
113.59 2030.24 542.11
112.65 2031.24 485.64
113.13 2026.37 1245.80
115.00 2024.54 1842.39
108.76 2022.58 1674.19
113.90 2022.21 2291.30
116.32 2022.33 2051.42
116.31 2025.32 1757.64
111.69 2026.07 1176.81
112.70 2024.10 1646.81
110.46 2026.83 993.75
109.46 2024.52 1442.06
112.74 2022.84 2199.50
115.11 2022.98 2176.89
111.69 2022.22 2036.51
110.04 2017.36 2599.19
109.71 2022.14 1785.07
107.54 2020.79 1980.32
110.67 2022.83 1897.15
110.08 2020.76 2254.25
110.60 2024.03 1531.58
108.57 2023.76 1381.80
108.99 2019.95 2128.51
112.39 2016.09 2311.68
107.42 2023.99 1339.88
106.81 2022.92 1409.67
105.42 2022.79 1382.28
106.14 2020.26 1956.71
105.83 2018.67 2724.71
107.00 2016.32 2510.94
74.16 2020.18 1473.18
77.06 2022.32 1425.54
74.77 2019.06 1659.19
76.20 2021.17 1708.63
43.52 2015.18 2740.32
42.09 2013.24 2851.04
34.65 2012.51 2417.07
34.27 2010.62 2377.81
32.67 2013.17 2367.97
31.69 2012.53 2337.35
30.45 2012.73 2322.03
30.24 2010.44 2285.16
37.13 2007.09 2488.51
37.93 2004.91 2514.49
29.75 2006.47 2335.71
29.37 2008.53 2337.47
26.77 2002.34 2347.05
25.57 1999.88 2352.61
43.87 1997.88 2431.42
43.71 2001.74 2444.81
44.09 1996.57 2433.20
46.18 1996.95 2438.83
43.80 2000.41 2436.80
47.07 1999.71 2438.73
42.56 1998.54 2428.91
44.94 1998.58 2434.88
41.39 1997.75 2424.31
43.02 1995.61 2428.25
39.65 1999.46 2419.31
40.38 1995.33 2420.83
43.56 1994.10 2435.12
51.13 1995.84 2456.51
47.09 1998.64 2439.11
50.47 2002.89 2601.45
45.89 2000.36 2438.65
45.67 1993.06 2441.49
48.05 2000.65 2438.71
44.86 1999.81 2437.59
45.99 1998.06 2436.94
49.29 2000.37 2437.71
49.03 2005.32 2797.38
45.36 1996.15 2435.04
47.78 1995.53 2447.51
46.95 1994.70 2442.74
51.17 1994.20 2457.46
47.95 1997.76 2443.19
47.33 1996.68 2439.98
47.58 2003.18 2569.62
49.06 2003.82 2593.28
47.89 1993.09 2447.10
45.68 1995.05 2441.27
49.28 1997.70 2444.41
52.18 1993.34 2460.32
49.00 1995.29 2449.11
53.38 1994.09 2462.57
49.37 1993.09 2448.40
56.47 2000.84 2493.75
44.95 1993.96 2436.61
46.96 1993.60 2442.97
24.37 1999.02 2344.96
22.18 1998.71 2335.17
21.18 1999.34 2330.18
19.47 1996.13 2337.54
17.58 1996.61 2326.62
20.64 1995.89 2339.29
18.06 1994.27 2335.08
18.35 1995.63 2334.83
19.85 1993.35 2341.42
69.54 2011.77 2210.40
71.33 2009.79 2390.39
65.24 2007.28 2722.35
64.85 2005.25 2691.90
64.19 2004.52 2709.67
65.99 2003.32 2654.63
66.61 1999.59 2545.54
71.51 2002.11 2569.50
58.50 1995.45 2476.70
53.74 1998.43 2463.09
53.19 2000.86 2443.08
52.26 1996.48 2459.86
57.34 1996.30 2472.87
56.73 1993.28 2470.14
58.07 2000.49 2501.29
66.56 1993.85 2478.60
60.75 2001.52 2614.89
58.54 1998.91 2489.59
60.19 1998.59 2492.09
57.32 1997.84 2479.06
60.83 1997.15 2490.55
65.51 1993.32 2479.12
59.03 1993.18 2474.07
60.41 1993.60 2474.81
62.48 1997.00 2491.57
63.09 1999.64 2510.92
60.98 1994.71 2479.99
68.28 1997.12 2493.54
63.58 1998.14 2499.18
65.17 1996.22 2488.63
60.02 1995.82 2478.33
64.47 1994.05 2479.72
62.99 1995.79 2486.10
69.12 2002.74 2582.44
70.02 1993.05 2468.93
62.30 1994.81 2480.55
54.73 1996.29 2466.51
58.08 1993.91 2471.43
54.44 1993.30 2465.45
55.89 1995.51 2470.09
55.71 1994.03 2467.32
61.29 1992.96 2476.89
66.25 1998.32 2502.61
62.76 1992.96 2477.20
108.62 2007.41 2274.52
110.52 2006.56 2265.75
102.52 2002.19 2306.22
102.72 1998.66 2309.44
100.33 2001.31 2316.38
102.18 1999.89 2313.88
100.62 1997.75 2317.81
102.58 1996.41 2313.77
98.37 2002.86 2317.20
96.43 1999.06 2337.59
99.99 1998.88 2324.46
105.61 1995.30 2303.78
96.79 2002.95 2318.22
95.35 1997.18 2342.47
98.19 2000.40 2327.44
98.82 1996.07 2328.77
96.11 2004.25 2312.25
92.69 2001.20 2348.23
97.61 1996.98 2335.45
95.90 1995.32 2346.30
98.72 1999.09 2326.60
95.31 1998.46 2342.18
96.78 2000.34 2328.63
97.70 1998.27 2333.20
95.94 2001.49 2333.96
93.57 2002.30 2339.35
86.84 2022.96 1443.84
94.55 1993.11 2350.56
84.99 2021.03 1847.37
97.70 2009.60 2365.83
95.67 2012.34 2311.58
92.62 2009.67 2357.59
94.33 2008.39 2377.60
90.53 2009.14 2369.02
88.78 2008.99 2378.46
94.82 2006.47 2382.60
96.31 2007.89 2389.50
94.32 2005.49 2354.86
96.82 2005.62 2315.84
95.49 2013.69 2266.11
93.08 2013.34 2257.32
78.76 2017.97 2047.85
76.33 2017.03 1888.80
75.42 2014.38 2135.80
76.96 2014.65 2160.14
69.02 2006.50 2619.05
71.08 2006.63 2575.41
68.01 2006.00 2630.24
67.82 2004.79 2633.39
68.20 2001.82 2598.72
70.83 2004.08 2581.54
69.14 1997.95 2494.77
73.43 2000.28 2509.43
90.80 2013.92 2259.36
88.55 2014.14 2310.68
91.97 2014.20 2248.37
90.67 2016.92 2419.85
80.30 2008.97 2361.51
78.47 2007.27 2453.60
75.77 2005.26 2509.46
73.61 2003.22 2546.62
83.20 2008.48 2423.40
82.76 2005.96 2415.04
86.69 2006.63 2390.22
87.62 2007.53 2411.89
87.04 2004.32 2345.95
88.69 2006.89 2409.82
88.13 2003.49 2343.85
88.54 2005.80 2387.01
90.45 2003.33 2338.67
93.56 2003.42 2321.85
90.55 2005.49 2372.42
91.34 2004.33 2330.92
89.66 2007.38 2406.82
89.66 2008.44 2379.55
93.12 2005.60 2356.03
92.50 2004.40 2327.94
91.68 2008.76 2368.16
88.94 2010.13 2336.62
92.19 2011.14 2313.03
90.74 2011.37 2311.53
87.87 2010.67 2333.16
86.94 2009.59 2371.71
72.55 2003.12 2551.04
71.77 2000.78 2518.83
71.90 2004.25 2576.21
70.40 2002.71 2579.13
91.53 1993.86 2367.77
93.63 1993.72 2358.19
132.60 2013.12 2158.77
134.36 2011.85 2169.67
133.65 2009.83 2178.19
136.93 2011.33 2174.72
129.97 2001.48 2214.31
138.41 2009.40 2180.10
140.69 2015.38 2163.63
136.55 2014.64 2161.31
138.40 2013.76 2167.43
139.27 2012.89 2169.55
139.43 2017.24 2161.07
136.64 2016.61 2155.55
118.42 2015.74 2143.94
117.26 2016.94 2088.22
114.87 2015.02 2177.43
114.24 2017.71 2293.08
112.56 2018.55 2372.22
111.54 2017.49 2540.77
108.87 2018.44 2798.54
111.81 2014.88 2293.02
107.12 2017.70 2766.98
108.18 2015.51 2499.68
117.50 2023.01 1962.37
116.41 2020.91 2059.64
131.22 2005.38 2202.07
129.12 2002.21 2216.40
131.23 2008.93 2189.50
132.99 2008.54 2189.01
122.04 2008.20 2209.65
120.11 2007.44 2221.14
121.29 2004.26 2229.59
122.81 2004.66 2228.08
121.84 1999.94 2241.62
125.91 2004.39 2218.06
125.34 2000.93 2228.25
128.34 2004.31 2213.87
122.60 1998.78 2236.35
132.23 1994.23 2211.56
125.64 2002.17 2221.09
127.74 1996.65 2223.63
110.86 2007.82 2255.70
111.54 2005.65 2259.28
111.44 2004.21 2267.53
114.00 2004.04 2259.47
110.20 2003.48 2272.53
110.30 2001.96 2277.34
115.51 1994.35 2271.85
117.34 1996.49 2261.94
122.39 1995.22 2247.92
120.49 1997.43 2245.76
116.64 1993.35 2267.32
119.76 2000.87 2248.93
118.39 1998.89 2254.15
118.93 1993.24 2259.66
119.88 1996.07 2255.36
119.92 2002.20 2240.44
117.78 2002.36 2245.12
124.13 2000.43 2230.94
120.61 1999.89 2243.27
119.81 1998.57 2252.07
122.06 1997.59 2244.39
122.95 1996.49 2239.24
124.55 1996.74 2237.69
123.92 1999.05 2234.82
122.81 2001.02 2233.65
126.41 1993.23 2233.17
118.38 1995.62 2257.48
120.34 1993.71 2257.95
124.82 1994.17 2239.32
121.22 1993.03 2251.30
117.98 1994.04 2264.96
123.33 1993.97 2241.26
125.48 1995.68 2231.69
127.00 1995.70 2230.45
127.82 1994.19 2225.81
120.88 1994.96 2249.59
122.70 1993.03 2250.20
131.31 1995.60 2216.83
127.44 1997.92 2224.77
135.62 1995.32 2205.28
130.11 1993.12 2218.55
130.90 1999.86 2215.84
129.13 1996.52 2222.74
130.71 1997.86 2216.88
129.86 1995.45 2218.06
128.70 1998.56 2222.33
132.73 1997.39 2211.21
129.63 1997.71 2218.32
128.82 1999.74 2219.58
126.33 1998.60 2227.91
131.27 1998.90 2212.68
126.98 2002.53 2219.96
136.10 1998.16 2205.94
138.14 2010.93 2174.77
133.25 1999.63 2208.85
130.76 2003.86 2210.28
131.66 1996.82 2213.17
132.47 1998.69 2211.93
137.80 1999.98 2203.75
131.63 2000.80 2212.00
134.38 1999.41 2207.91
135.05 2003.62 2202.08
131.05 2001.74 2213.49
129.85 2000.27 2217.29
131.58 2002.83 2207.93
129.39 2003.49 2211.51
132.77 2000.77 2211.29
133.28 2001.72 2206.33
134.84 1998.09 2206.49
135.38 2000.28 2205.79
138.05 2001.27 2201.36
133.97 1997.01 2209.87
138.80 1998.88 2202.13
133.55 1994.30 2209.97
135.57 1993.90 2205.36
137.68 2006.23 2195.13
134.32 2003.04 2203.63
136.48 1999.55 2204.51
136.18 2002.20 2202.63
136.70 2005.09 2196.98
133.62 2007.20 2194.31
108.41 1993.83 2294.65
106.32 1994.68 2301.26
107.97 1995.18 2296.58
77.72 2019.78 1846.19
75.95 2019.10 1686.78
39.02 1997.39 2416.93
40.14 1998.23 2421.68
49.89 1996.38 2454.17
49.83 1993.96 2455.47
25.70 1994.11 2369.87
24.94 1995.40 2361.09
23.25 1996.84 2351.09
22.88 1994.24 2352.72
25.11 1993.12 2362.15
65.68 2000.80 2567.36
68.29 2000.22 2544.36
63.21 1993.70 2479.58
64.33 1995.44 2486.41
70.95 1994.79 2473.23
70.40 1996.42 2476.68
64.93 1997.71 2500.16
66.39 1996.00 2488.55
66.90 1995.02 2481.82
68.65 1995.88 2480.54
69.61 1995.70 2479.15
70.31 1997.44 2492.55
69.90 1994.80 2473.77
71.31 1995.77 2472.90
68.43 1993.86 2475.26
71.14 1993.81 2466.56
72.42 1996.33 2470.42
71.25 1998.27 2491.01
70.77 1999.66 2524.69
69.35 1993.82 2474.10
69.32 1999.43 2527.99
94.75 1995.40 2348.00
96.37 1996.49 2338.54
93.85 1994.80 2353.13
96.03 1993.11 2348.80
92.85 1997.91 2355.09
94.47 1996.53 2347.06
93.78 2000.28 2344.40
94.66 2001.39 2336.15
97.93 2012.16 2325.46
96.70 2010.33 2357.06
93.78 2009.43 2358.16
91.86 2007.34 2404.90
73.61 2005.15 2547.36
75.22 2004.38 2529.08
135.95 2010.10 2177.24
137.00 2008.86 2180.76
135.17 2006.89 2193.97
138.68 2003.43 2200.02
139.99 2009.13 2180.12
141.39 2011.52 2172.87
140.46 2010.52 2174.15
139.10 2011.54 2174.16
140.63 2013.20 2169.85
141.44 2016.36 2163.08
137.30 2015.60 2161.56
137.11 2013.56 2167.08
138.46 2015.19 2162.36
141.28 2019.08 2163.14
140.22 2021.72 2166.84
137.95 2020.58 2164.31
140.35 2020.24 2163.56
136.50 2020.42 2164.12
137.05 2017.83 2157.77
105.94 2015.45 2467.78
107.75 2014.29 2447.35
108.47 2013.29 2306.84
110.39 2014.73 2309.35
121.12 2002.81 2236.44
123.61 2003.43 2225.76
129.30 1994.08 2224.22
131.59 1993.12 2217.61
126.48 2000.02 2224.60
127.91 2001.78 2217.74
132.72 2005.68 2200.99
137.86 1994.09 2202.46
135.44 2005.45 2197.32
132.67 2002.84 2207.19
134.73 2004.67 2199.79
136.83 2004.01 2200.63
136.68 2007.56 2192.94
137.61 2003.37 2200.26
139.35 2004.48 2198.25
134.28 2002.00 2205.55
133.35 2003.54 2204.51
135.30 2001.45 2204.49
137.16 2002.15 2202.28
140.29 2006.86 2194.11
135.90 2003.33 2201.60
67.62 1993.09 2477.26
68.02 1995.02 2481.27
140.73 2017.46 2161.58
141.24 2014.33 2167.34
139.39 2015.82 2163.20
136.53 1993.26 2203.49
134.33 1995.72 2206.33
141.11 1995.48 2200.27
134.39 1993.20 2206.66
136.62 1996.01 2203.95
141.26 1993.25 2199.94
138.89 1996.44 2201.65
140.32 1996.50 2201.33
140.44 2001.50 2200.33
140.69 2004.63 2198.26
138.89 1993.39 2201.07
140.37 1994.08 2200.69
138.24 1997.61 2203.24
140.34 1998.97 2201.83
141.21 1997.76 2200.85
141.13 2000.05 2200.85
136.85 1997.31 2203.65
137.91 1995.43 2203.01
139.15 2002.00 2200.61
141.31 2003.08 2199.37
140.91 2008.10 2185.15
141.38 2005.98 2194.98
138.95 2006.01 2195.01
133.47 2019.59 2145.78
135.96 2019.06 2154.12
38.33 2015.22 2442.18
40.94 2015.44 2545.60
49.97 1998.84 2448.83
41.31 1993.20 2425.48
51.43 1998.95 2450.36
101.52 1995.59 2320.34
106.39 1993.74 2302.95
104.54 1995.16 2305.09
101.74 1994.18 2319.22
100.18 1996.48 2325.23
106.26 1996.06 2300.39
103.14 1993.36 2315.54
103.83 1996.21 2312.02
104.26 1993.95 2311.39
105.40 1993.14 2307.04
