x z velocity
28.07 -1.40 1225.25
21.73 -1.16 1372.00
22.66 -0.57 1345.51
1.94 -0.38 945.07
4.24 -0.88 1050.64
10.71 -0.54 1290.72
31.73 -0.26 1140.14
14.04 -0.68 1418.39
46.00 -0.50 746.05
1.65 -0.20 933.23
5.27 -0.63 1116.34
76.65 -1.49 504.13
2.13 -1.88 1023.51
70.24 -0.21 569.82
4.28 -0.18 1055.15
30.27 -1.22 1203.68
76.96 -0.13 488.05
4.91 -0.27 1090.51
84.01 -0.42 307.88
6.36 -0.20 1155.88
5.69 -0.36 1128.96
83.66 -0.18 314.40
88.69 -0.44 125.69
9.96 -0.46 1275.02
6.05 -0.56 1140.46
9.04 -0.15 1252.27
9.65 -0.16 1264.85
20.99 -0.78 1382.33
8.09 -0.56 1214.77
7.32 -1.56 1191.46
6.68 -0.40 1165.78
89.01 -0.16 119.01
10.31 -0.30 1280.67
77.59 -0.21 473.94
21.22 -0.40 1370.82
15.05 -0.74 1434.83
19.37 -0.59 1407.55
11.44 -0.40 1313.60
11.07 -0.24 1306.89
19.73 -0.25 1398.28
29.85 -0.40 1207.74
15.25 -0.38 1434.08
23.71 -0.33 1317.47
14.97 -0.15 1430.11
15.61 -0.23 1434.73
22.79 -1.06 1342.26
15.96 -0.51 1438.04
23.51 -1.62 1330.91
12.02 -0.33 1338.55
23.29 -1.06 1340.22
35.65 -0.77 986.48
16.70 -0.43 1437.71
29.29 -0.30 1214.91
17.87 -0.38 1425.34
17.01 -0.15 1433.80
32.36 -0.16 1111.65
33.13 -1.48 1087.48
18.98 -0.35 1412.32
50.99 -0.32 1041.41
20.97 -0.16 1378.65
21.59 -0.24 1367.27
50.25 -0.23 1026.97
21.91 -0.58 1358.39
44.33 -1.12 759.67
18.24 -0.24 1423.28
28.33 -0.26 1225.85
16.35 -0.28 1438.59
23.38 -0.56 1327.76
22.32 -0.34 1352.34
14.30 -1.40 1406.39
69.86 -0.34 571.69
23.01 -0.23 1335.29
63.08 -0.67 691.10
24.13 -0.56 1311.51
25.97 -0.40 1266.74
63.86 -0.98 685.23
44.24 -0.23 726.44
25.66 -0.14 1273.89
76.98 -0.66 492.44
26.66 -0.44 1255.52
27.01 -0.18 1248.07
73.74 -0.86 524.23
26.32 -0.25 1261.02
72.09 -1.30 545.03
25.04 -0.14 1284.08
44.97 -0.32 729.00
69.01 -0.13 583.73
30.54 -0.61 1191.29
77.73 -1.00 479.03
30.23 -0.25 1205.86
29.62 -0.15 1212.59
67.68 -0.18 602.41
79.60 -0.67 424.62
31.37 -0.63 1163.18
76.65 -0.27 493.07
32.67 -0.34 1101.54
32.97 -0.17 1090.35
75.70 -0.24 509.27
32.09 -0.42 1131.27
80.52 -0.52 380.97
30.97 -0.37 1178.57
78.13 -1.42 460.92
27.33 -0.37 1243.07
73.97 -0.43 524.74
2.97 -0.27 986.33
36.60 -0.55 932.37
86.53 -0.54 190.96
36.26 -0.24 953.19
35.63 -0.15 980.37
85.61 -0.67 266.83
83.36 -0.36 320.43
37.37 -0.50 906.60
2.29 -0.18 953.56
38.01 -0.37 877.86
40.61 -0.49 785.46
15.81 -1.08 1440.29
37.69 -0.19 888.83
10.44 -1.61 1288.56
37.01 -0.32 918.12
82.35 -0.29 342.10
7.68 -0.32 1203.18
40.30 -0.19 795.50
6.99 -0.20 1177.01
42.05 -0.49 751.31
43.88 -0.38 729.22
6.29 -1.02 1162.24
4.52 -0.45 1082.22
44.55 -0.55 728.78
13.70 -0.17 1406.89
50.39 -1.09 1026.10
49.89 -0.37 1019.56
18.30 -1.16 1433.54
43.63 -0.15 734.70
14.34 -0.17 1425.62
41.68 -0.21 759.80
5.07 -1.30 1089.93
39.98 -0.37 804.57
5.07 -2.82 1108.24
33.63 -0.31 1062.65
83.82 -0.88 315.68
77.84 -2.27 495.81
69.28 -0.57 581.52
17.63 -0.72 1433.84
46.33 -0.29 752.00
20.36 -0.16 1387.13
47.69 -0.30 847.62
47.01 -0.21 788.51
18.55 -0.58 1417.00
24.43 -0.23 1298.15
49.64 -0.14 995.64
25.78 -0.73 1279.56
52.03 -0.50 1049.74
51.67 -0.21 1046.67
29.60 -0.74 1212.16
57.06 -0.85 856.71
25.39 -0.61 1282.10
50.57 -0.54 1039.40
20.65 -0.70 1385.13
27.65 -0.18 1237.79
53.34 -0.37 1032.05
25.37 -0.29 1280.18
54.32 -0.28 1007.72
53.65 -0.19 1026.53
24.93 -1.12 1294.23
35.89 -0.39 960.94
55.00 -0.19 964.91
29.26 -0.65 1213.85
56.98 -0.17 848.68
57.64 -0.26 809.83
34.38 -0.24 1027.23
56.35 -0.17 880.46
29.01 -0.15 1218.06
54.66 -0.48 988.96
31.55 -1.27 1145.06
52.35 -0.29 1047.75
26.87 -0.91 1249.29
38.43 -0.91 875.38
58.32 -0.19 779.86
36.46 -2.39 985.28
59.66 -0.19 739.65
58.99 -0.27 759.81
40.98 -0.31 778.58
60.68 -0.48 717.18
60.33 -0.27 721.01
38.31 -0.18 866.87
63.98 -0.46 680.80
62.98 -0.14 689.99
51.93 -0.95 1051.89
63.62 -0.21 684.45
37.60 -0.93 888.25
57.96 -0.45 790.06
38.99 -0.30 842.21
52.16 -1.42 1058.90
64.37 -0.26 674.75
48.40 -0.22 937.88
65.02 -0.14 659.75
64.72 -0.40 670.02
53.97 -0.47 1019.68
62.37 -0.15 694.69
66.25 -0.20 633.48
64.30 -1.36 678.71
68.04 -0.41 596.23
70.54 -0.49 561.36
70.29 -1.00 574.45
66.99 -0.28 616.85
61.02 -0.20 711.48
65.89 -0.34 637.33
48.10 -0.51 874.90
69.63 -0.13 577.87
57.29 -0.43 824.41
45.66 -0.22 739.31
34.02 -0.54 1047.56
66.57 -0.48 622.71
70.97 -0.29 557.16
56.67 -0.76 867.33
71.66 -0.19 545.13
72.01 -0.46 538.81
55.69 -0.26 921.60
63.27 -0.35 686.37
73.33 -0.35 526.78
58.51 -0.86 778.53
74.32 -0.26 523.93
74.66 -0.44 521.84
58.06 -0.86 780.21
73.65 -0.17 525.74
57.31 -1.31 814.23
72.34 -0.26 532.36
59.99 -0.46 728.18
46.13 -1.39 781.39
77.93 -0.47 461.88
47.49 -1.42 824.78
78.33 -0.26 454.55
86.27 -1.09 254.88
49.66 -0.72 998.06
43.32 -0.30 737.55
79.01 -0.15 435.18
73.02 -0.17 527.76
80.23 -0.22 397.40
80.96 -0.30 375.66
73.33 -0.77 524.46
79.85 -0.35 402.11
42.37 -0.27 745.83
78.68 -0.41 447.12
47.37 -0.50 813.45
75.01 -0.18 517.18
58.64 -0.46 768.45
77.22 -0.34 477.52
81.66 -0.21 359.46
75.38 -0.42 513.82
84.35 -0.24 301.97
83.03 -0.19 325.69
74.80 -0.83 519.88
71.40 -0.89 550.24
85.01 -0.14 273.10
69.31 -0.26 580.43
86.23 -0.22 217.75
86.96 -0.32 179.95
80.26 -1.04 413.49
85.86 -0.36 224.71
68.36 -0.23 591.24
84.69 -0.38 293.53
71.30 -0.48 551.37
79.62 -0.14 419.21
87.67 -0.21 150.79
76.35 -0.14 498.23
92.37 -0.19 326.92
88.35 -0.28 127.65
78.75 -1.20 453.73
84.15 -1.31 296.72
90.23 -0.26 125.03
85.62 -0.14 248.78
91.57 -1.32 234.70
91.74 -0.28 171.94
84.77 -1.17 289.85
90.98 -0.39 138.48
87.18 -1.55 234.52
89.85 -0.42 125.10
76.64 -0.59 496.27
88.01 -0.49 138.56
83.39 -0.82 320.21
82.01 -0.49 350.78
71.89 -0.87 549.20
82.71 -0.47 335.91
65.67 -0.64 651.78
82.96 -0.93 326.19
23.07 -2.08 1346.72
3.66 -0.17 1022.68
92.10 -0.47 200.31
3.88 -0.78 1039.44
14.67 -0.68 1434.13
11.70 -0.16 1329.69
8.41 -0.24 1234.71
9.36 -0.68 1261.28
8.86 -1.20 1241.66
9.36 -0.31 1258.66
6.71 -0.86 1168.00
7.33 -0.52 1191.71
15.13 -2.45 1436.86
13.40 -0.48 1389.21
4.43 -1.38 1082.66
3.94 -0.35 1043.87
12.32 -0.17 1349.15
14.04 -0.34 1417.54
21.18 -1.21 1374.83
20.66 -0.31 1383.22
17.63 -0.15 1429.48
16.81 -1.29 1444.58
20.09 -0.40 1395.17
20.10 -1.21 1403.26
16.23 -1.52 1444.41
27.70 -2.25 1248.70
24.80 -0.37 1295.55
24.39 -1.12 1298.61
27.31 -0.84 1245.35
27.98 -0.44 1231.04
32.12 -1.29 1137.28
31.49 -2.68 1179.96
32.30 -0.81 1110.63
33.28 -0.48 1073.29
28.67 -0.41 1222.67
29.71 -1.20 1206.29
27.75 -0.92 1241.36
32.66 -0.72 1104.46
35.02 -0.15 1000.99
35.30 -0.68 994.00
40.38 -0.93 804.59
43.65 -0.73 743.79
39.68 -0.18 815.94
39.97 -0.81 811.12
38.02 -0.80 880.94
38.64 -0.48 853.36
53.02 -0.19 1036.39
53.34 -0.83 1037.62
53.75 -0.93 1034.82
56.66 -0.34 864.96
54.79 -0.89 975.37
55.36 -0.46 944.01
51.32 -0.53 1044.70
51.45 -0.99 1051.16
49.03 -0.14 971.78
49.32 -0.63 991.12
61.73 -0.26 701.87
62.72 -0.61 692.07
66.37 -0.97 640.37
69.61 -0.64 579.57
65.64 -0.13 648.38
64.88 -1.15 672.76
56.04 -0.43 905.75
56.27 -0.85 878.89
60.03 -1.29 732.29
62.68 -0.28 692.90
60.83 -0.95 714.01
61.42 -0.47 708.04
59.31 -0.46 750.15
59.40 -0.86 746.20
49.84 -1.12 1020.72
49.33 -0.29 985.02
46.67 -0.49 766.66
46.80 -0.96 789.79
45.30 -0.54 734.05
45.41 -1.02 762.30
43.02 -0.15 739.85
43.31 -0.65 743.71
72.70 -0.44 529.77
72.92 -0.86 524.64
68.71 -0.37 588.83
69.74 -1.02 576.53
81.28 -0.51 367.42
81.38 -0.95 367.93
79.30 -0.28 425.63
79.26 -0.60 429.91
76.05 -0.38 506.74
77.15 -1.06 482.93
74.02 -1.31 521.98
82.07 -1.43 360.44
89.25 -2.52 299.86
92.72 -0.44 374.10
89.58 -0.79 140.26
90.54 -0.65 136.70
87.29 -0.53 165.61
87.40 -0.99 187.43
85.30 -0.28 258.78
85.27 -0.59 273.27
81.88 -0.94 366.30
87.69 -1.97 224.14
3.30 -0.44 1005.57
2.35 -0.88 976.21
3.42 -1.91 1060.72
7.13 -0.98 1173.19
10.87 -1.14 1305.17
14.64 -0.32 1428.63
8.78 -0.39 1240.05
8.31 -1.16 1234.70
4.28 -2.75 1101.22
9.84 -1.37 1278.95
3.57 -3.22 1094.61
14.37 -0.87 1427.82
13.03 -0.31 1378.20
15.26 -1.16 1439.80
12.52 -1.45 1348.57
21.14 -2.34 1388.04
17.31 -0.30 1431.83
17.29 -0.64 1434.98
20.30 -0.79 1388.23
19.53 -1.18 1405.91
24.51 -2.42 1305.24
26.84 -2.21 1255.13
25.90 -1.22 1273.19
26.53 -1.36 1268.46
35.85 -1.19 964.51
35.32 -0.31 990.06
29.35 -2.46 1211.27
36.43 -1.13 958.20
28.86 -0.76 1215.36
28.72 -1.27 1220.46
34.74 -0.39 1019.46
33.71 -1.66 1073.99
34.72 -1.19 1031.99
38.64 -1.55 863.89
41.32 -0.52 770.36
41.45 -0.99 769.80
39.34 -0.48 830.88
39.54 -0.92 817.61
41.79 -2.04 788.64
43.34 -1.65 765.30
52.71 -0.47 1044.21
52.94 -0.93 1041.28
48.77 -0.36 948.81
48.80 -1.08 904.85
47.26 -0.97 794.63
54.61 -1.42 1017.18
62.10 -0.41 699.58
63.30 -1.05 686.98
61.34 -0.94 712.35
65.59 -2.01 659.49
67.33 -0.46 610.53
67.47 -0.84 604.01
66.72 -1.40 624.57
73.26 -3.23 543.60
65.33 -0.27 653.97
65.33 -0.58 654.94
55.26 -0.87 970.59
60.53 -1.36 726.40
42.72 -0.43 744.15
43.80 -1.15 759.01
41.96 -0.96 767.37
49.04 -1.52 950.03
75.14 -1.66 518.89
75.29 -0.81 519.03
79.26 -1.47 443.38
79.38 -2.12 453.20
76.26 -0.70 500.41
76.10 -1.20 510.51
89.62 -0.16 118.43
88.67 -1.39 195.65
84.89 -0.70 277.13
90.26 -1.29 187.67
93.78 -0.33 589.07
85.26 -1.47 279.06
89.16 -1.75 196.54
3.46 -0.87 1033.15
2.60 -0.45 974.97
11.45 -1.22 1310.20
12.02 -0.70 1333.97
11.66 -0.77 1329.14
12.68 -0.48 1363.75
9.75 -0.82 1265.89
10.70 -2.55 1306.78
7.96 -1.70 1201.31
6.78 -2.14 1159.50
25.05 -0.70 1285.57
20.36 -1.69 1393.49
25.39 -1.53 1282.73
32.56 -1.81 1107.71
33.04 -0.87 1097.73
34.95 -0.77 1001.07
34.15 -1.12 1039.49
35.79 -2.33 993.53
42.29 -1.48 762.67
55.08 -1.75 990.59
55.50 -1.30 944.59
48.98 -0.71 985.35
48.27 -1.03 891.83
62.36 -0.73 693.85
62.31 -1.24 700.25
68.91 -0.67 583.31
68.75 -1.13 590.89
65.42 -1.39 664.31
67.96 -0.80 602.19
42.94 -0.78 744.38
42.82 -1.35 762.56
78.87 -0.73 434.92
79.72 -1.06 419.29
89.29 -0.32 119.32
89.25 -0.70 139.86
91.38 -0.67 152.14
93.00 -1.18 290.32
11.88 -1.74 1337.07
85.72 -1.09 260.13
12.46 -0.86 1340.29
9.01 -0.75 1256.90
9.30 -1.67 1266.56
1.28 -0.43 927.07
1.92 -0.82 971.84
13.62 -0.82 1411.54
1.40 -1.41 988.37
13.75 -1.35 1397.93
16.91 -0.78 1436.74
17.75 -1.15 1435.46
24.08 -1.69 1325.02
29.22 -1.62 1213.93
64.95 -0.70 659.25
65.83 -1.00 644.08
76.92 -2.28 499.03
83.07 -2.16 348.18
87.90 -0.96 185.63
91.23 -1.94 249.31
92.13 -1.37 240.82
92.70 -0.88 272.49
93.02 -0.24 474.37
82.68 -1.45 356.27
86.10 -2.37 300.07
8.33 -2.55 1234.00
14.81 -1.63 1423.83
0.97 -0.23 917.39
2.54 -1.35 1018.69
2.36 -2.58 1067.42
3.16 -1.35 1022.40
0.22 -0.33 904.99
13.23 -1.78 1364.05
17.32 -1.58 1443.73
20.64 -2.76 1400.77
22.28 -3.31 1372.36
62.62 -2.85 714.97
69.25 -1.41 585.26
88.87 -0.82 140.93
89.69 -1.27 186.30
91.62 -2.64 290.29
93.78 -1.49 289.25
92.31 -0.91 260.60
93.47 -0.58 497.57
0.52 -0.56 914.40
0.92 -1.04 961.27
1.25 -0.81 962.51
1.58 -1.02 969.74
85.33 -2.21 307.64
93.39 -2.94 312.96
92.51 -1.87 267.42
93.47 -1.07 301.26
0.51 -1.00 958.38
0.97 -1.41 986.21
0.21 -1.44 979.08
1.56 -1.82 1020.98
0.26 -2.50 1050.05
4.07 -1.93 1064.48
0.56 -1.70 987.59
0.60 -2.09 1030.30
0.62 -2.95 1070.07
1.17 -2.22 1030.57
22.08 -1.71 1361.18
22.61 -1.62 1355.98
60.78 -1.89 719.77
61.75 -1.39 704.63
74.60 -1.28 521.24
75.59 -1.27 513.14
70.62 -1.46 565.47
71.65 -1.70 555.29
54.04 -1.46 1027.73
56.36 -1.83 885.69
50.74 -1.64 1042.30
53.00 -2.00 1061.97
59.85 -0.87 743.91
62.89 -1.50 696.30
58.72 -1.33 768.83
57.84 -1.30 803.50
45.89 -0.99 762.97
46.58 -1.36 783.86
44.64 -1.61 776.30
43.60 -2.36 805.61
80.57 -1.53 392.26
81.14 -1.45 385.24
86.58 -1.63 241.26
88.16 -1.48 199.70
19.55 -2.40 1414.34
16.70 -2.90 1461.30
25.28 -2.27 1295.84
32.28 -2.66 1173.72
40.60 -1.58 799.35
41.20 -1.61 794.73
67.29 -1.30 620.17
68.25 -1.21 593.67
72.96 -1.87 531.47
74.12 -2.69 521.44
30.73 -3.23 1193.85
36.81 -1.67 931.36
35.57 -1.67 1000.13
34.98 -1.67 1005.07
45.19 -1.53 777.16
47.25 -1.85 815.38
58.29 -1.70 786.62
63.25 -2.20 691.61
67.82 -1.61 611.73
68.48 -9.16 973.09
39.28 -1.56 854.86
48.81 -2.09 888.66
9.12 -2.48 1245.05
18.14 -2.43 1450.75
1.19 -2.74 1069.23
3.02 -2.61 1070.30
92.34 -2.52 292.47
93.67 -2.45 300.06
92.99 -1.72 273.91
93.45 -1.95 278.90
20.92 -1.69 1390.96
24.61 -4.36 1324.12
16.00 -2.41 1447.66
21.75 -2.41 1383.69
56.04 -1.30 934.19
61.48 -1.93 718.26
72.65 -1.32 542.08
71.71 -2.46 563.08
71.20 -1.36 561.99
69.40 -2.08 589.55
67.80 -2.33 621.19
73.68 -1.88 528.16
52.70 -1.42 1060.60
55.30 -2.40 964.67
51.95 -2.64 1063.17
57.01 -1.85 875.06
51.27 -1.56 1048.41
51.74 -1.91 1055.06
49.57 -1.54 962.05
50.61 -3.06 1004.10
59.16 -1.33 763.51
59.69 -2.32 761.90
58.14 -2.51 821.01
59.56 -1.68 749.45
45.49 -1.98 792.49
49.76 -2.12 964.41
44.86 -2.88 816.62
50.38 -2.25 985.21
81.59 -1.85 372.13
81.54 -2.69 414.90
76.00 -2.99 511.32
83.88 -2.07 340.88
84.56 -2.66 325.75
87.63 -2.97 318.18
19.20 -1.74 1424.18
20.14 -2.31 1409.60
18.46 -3.12 1446.61
20.56 -6.43 1478.57
13.33 -2.81 1367.08
19.24 -3.07 1443.42
35.26 -2.77 1017.82
43.07 -3.31 833.87
61.69 -2.62 718.50
64.11 -2.14 689.14
34.04 -2.37 1048.25
34.74 -2.30 1038.07
31.20 -1.82 1188.92
39.93 -2.10 830.59
32.83 -3.34 1143.07
39.90 -3.19 892.96
48.00 -1.47 833.52
45.95 -1.87 794.62
49.26 -2.49 925.98
53.71 -2.04 1058.38
47.92 -2.57 855.90
48.06 -3.31 909.77
46.80 -1.81 812.42
48.29 -2.09 877.32
56.75 -3.08 896.31
60.93 -3.01 730.27
45.43 -2.58 817.90
47.38 -2.39 847.43
46.21 -2.31 817.84
46.61 -2.27 821.11
44.37 -2.35 805.36
48.71 -3.59 926.09
46.96 -2.66 840.80
46.84 -3.28 871.12
45.92 -2.79 822.46
46.20 -3.37 866.22
5.51 -1.93 1125.42
14.41 -3.23 1383.27
37.44 -1.52 919.68
36.90 -3.28 968.90
9.92 -3.12 1276.21
8.50 -10.75 1324.65
0.37 -3.45 1115.53
86.64 -3.29 325.45
92.65 -3.79 371.99
72.46 -2.62 556.95
92.76 -3.03 311.38
80.14 -2.20 445.03
53.91 -2.87 1061.54
60.41 -2.46 754.00
53.20 -3.33 1068.32
57.40 -2.65 836.28
74.99 -2.51 517.09
91.91 -4.13 373.27
18.57 -1.73 1428.22
17.43 -2.29 1453.96
56.04 -2.48 950.41
70.87 -2.81 573.84
47.40 -3.74 893.12
59.39 -4.06 809.85
1.19 -5.91 1194.76
1.80 -3.05 1073.73
70.23 -2.15 585.71
91.00 -5.66 526.88
52.66 -2.73 1063.91
54.72 -3.06 1054.08
49.29 -3.12 950.71
51.42 -3.32 1026.36
58.92 -2.93 796.77
68.89 -3.85 635.05
70.28 -3.92 626.02
82.42 -2.99 401.58
55.09 -4.06 1059.96
57.06 -4.97 951.92
51.86 -4.66 1068.19
52.93 -4.59 1086.37
26.09 -2.81 1278.66
33.75 -3.12 1125.02
0.69 -6.97 1231.62
6.17 -1.71 1138.71
23.07 -3.06 1361.49
19.73 -3.90 1437.31
66.35 -2.05 653.31
68.66 -2.67 609.76
42.01 -3.09 840.91
37.89 -3.07 953.76
78.57 -2.71 483.20
80.67 -2.96 427.60
83.06 -4.19 438.04
90.44 -3.55 355.50
65.12 -3.62 704.42
66.91 -2.66 630.82
36.18 -4.15 1045.97
38.07 -2.03 895.00
4.06 -4.92 1175.05
7.91 -4.15 1210.65
5.63 -5.68 1207.61
11.56 -2.60 1316.26
88.48 -3.35 320.73
93.28 -4.03 377.19
13.35 -7.52 1326.58
93.72 -3.48 346.55
18.97 -4.70 1471.11
20.54 -3.68 1429.05
49.01 -4.47 968.61
50.01 -3.56 973.25
43.85 -4.31 857.12
44.88 -3.88 861.64
2.92 -6.22 1202.34
0.50 -4.94 1174.23
33.86 -4.89 1190.56
35.21 -3.70 1070.91
92.86 -5.73 506.93
18.07 -4.12 1458.68
17.01 -4.04 1449.86
21.56 -4.15 1417.01
47.38 -4.69 927.28
56.38 -4.00 1039.86
49.89 -4.44 977.33
50.92 -5.27 1022.66
30.69 -4.38 1229.22
48.34 -5.14 941.08
93.56 -4.88 465.49
91.30 -3.49 353.80
12.30 -3.35 1349.41
89.94 -4.27 418.45
38.16 -9.74 1199.65
23.93 -3.34 1350.55
28.46 -2.96 1227.46
7.86 -3.18 1190.48
9.84 -4.32 1242.15
90.54 -1.93 246.70
90.06 -2.69 299.18
62.83 -3.84 743.90
64.86 -2.54 683.71
54.02 -5.12 1110.04
61.66 -4.60 768.13
1.33 -11.38 1299.27
9.37 -9.59 1316.39
64.13 -4.34 734.08
71.28 -5.01 613.00
41.03 -5.48 985.92
45.73 -4.17 869.24
73.07 -4.47 602.30
77.82 -4.90 545.32
5.03 -4.73 1177.41
6.94 -2.91 1181.34
32.76 -4.47 1199.45
34.39 -3.98 1093.24
30.53 -1.78 1192.17
30.09 -2.60 1206.50
46.35 -5.02 919.92
48.62 -6.44 996.84
34.21 -6.01 1194.27
38.75 -3.82 919.85
29.50 -5.06 1246.76
42.22 -6.27 967.68
41.06 -3.89 871.05
37.61 -5.88 1080.14
12.16 -4.69 1297.86
14.63 -4.63 1370.92
78.74 -3.64 511.35
85.70 -4.43 420.83
84.39 -3.96 425.86
93.30 -6.86 673.92
87.85 -6.00 601.99
90.16 -8.95 830.81
47.40 -7.37 987.92
50.93 -8.00 1104.85
60.69 -4.00 795.78
80.53 -13.91 1264.98
5.07 -6.85 1230.80
16.07 -5.09 1391.80
6.45 -3.67 1173.51
6.98 -4.52 1204.40
8.46 -6.09 1242.85
5.06 -11.25 1322.17
5.51 -3.69 1167.76
8.71 -4.83 1230.85
5.71 -7.70 1253.38
10.62 -6.79 1282.67
3.39 -4.12 1156.61
0.86 -4.06 1142.97
6.65 -5.49 1210.94
7.32 -6.38 1237.14
1.73 -3.86 1142.82
2.23 -5.65 1195.04
2.83 -8.28 1264.02
6.84 -9.37 1290.02
6.94 -7.42 1255.72
9.29 -7.11 1273.61
2.41 -4.48 1155.16
0.68 -9.92 1284.44
3.77 -5.85 1203.55
88.79 -4.24 422.76
91.84 -5.23 509.06
53.99 -13.49 1247.57
47.42 -10.90 1098.67
36.42 -5.43 1103.21
44.78 -6.77 967.14
31.82 -5.11 1217.54
46.09 -6.41 970.55
80.08 -3.81 507.71
90.54 -10.64 966.36
54.12 -7.94 1149.86
59.06 -6.65 993.44
7.18 -10.51 1322.34
31.93 -6.76 1256.03
1.38 -8.23 1264.25
10.92 -5.26 1272.77
5.62 -8.92 1288.05
27.05 -4.83 1283.88
3.33 -7.20 1232.03
4.18 -6.83 1228.88
86.30 -5.88 595.95
90.17 -5.09 530.02
44.13 -8.22 1043.21
50.33 -6.61 1005.25
43.90 -12.93 1337.35
7.54 -8.39 1282.04
82.08 -5.35 534.83
90.62 -6.68 645.63
89.46 -5.61 558.96
89.60 -6.51 645.17
12.37 -15.41 1442.05
8.75 -8.37 1284.17
88.57 -5.11 569.67
88.70 -8.34 840.85
83.84 -7.66 711.81
91.10 -7.83 768.47
88.62 -7.05 656.83
92.19 -11.16 959.60
93.20 -9.62 885.24
92.50 -7.98 767.37
9.44 -14.80 1401.57
29.45 -6.48 1308.32
28.34 -4.21 1265.42
26.91 -6.49 1367.31
26.00 -3.98 1308.39
16.43 -6.77 1406.85
37.93 -7.18 1130.05
41.31 -9.13 1129.53
0.71 -14.85 1380.21
3.43 -9.64 1288.11
66.40 -3.70 697.82
74.38 -7.41 774.14
72.21 -8.00 785.06
86.22 -8.82 873.02
39.78 -6.06 1010.95
24.23 -5.75 1414.13
44.91 -9.86 1097.43
58.63 -5.04 934.05
76.30 -4.59 552.66
80.42 -5.00 538.21
57.20 -8.73 1237.04
78.87 -5.95 547.38
60.82 -7.16 960.93
67.53 -4.55 672.52
4.26 -12.18 1325.04
84.32 -16.97 1335.06
92.98 -13.04 1087.37
87.21 -19.53 1394.33
85.83 -17.27 1330.03
61.24 -9.02 1092.39
90.06 -19.90 1391.42
8.72 -18.65 1456.22
25.48 -7.05 1392.44
87.92 -10.81 1020.13
82.77 -11.81 1114.18
80.91 -8.14 736.82
89.39 -11.57 1007.74
8.53 -17.21 1433.45
7.82 -13.12 1365.25
8.08 -14.47 1398.31
69.16 -18.12 1559.69
35.46 -6.40 1177.08
38.67 -5.10 1038.09
46.96 -13.76 1324.62
11.09 -9.72 1318.68
56.41 -6.30 1144.79
55.49 -9.17 1211.55
54.66 -6.39 1158.27
53.85 -11.62 1181.63
48.49 -9.63 1089.05
49.09 -23.52 1706.81
57.58 -7.41 1063.51
84.61 -14.12 1231.06
17.44 -13.07 1434.75
46.36 -9.96 1091.17
2.62 -11.05 1300.51
87.50 -13.36 1152.09
89.20 -13.25 1146.07
43.63 -5.56 954.24
42.45 -7.91 1053.28
39.31 -7.30 1120.11
41.91 -10.72 1187.50
34.36 -22.00 1634.18
47.42 -8.68 1074.51
42.28 -13.41 1341.02
52.44 -10.68 1157.31
68.82 -7.28 797.45
79.02 -7.49 739.71
47.89 -12.35 1212.00
15.85 -13.55 1429.17
11.51 -11.20 1379.28
19.20 -5.98 1470.45
87.61 -9.26 883.09
85.47 -11.38 1095.27
66.68 -9.90 988.40
66.72 -15.29 1426.59
15.49 -10.09 1412.41
17.28 -16.54 1464.08
75.44 -14.32 1326.02
37.05 -8.52 1215.23
85.43 -7.28 710.41
85.14 -9.93 904.56
82.42 -6.95 695.83
83.79 -9.37 897.55
74.73 -5.54 588.88
78.62 -10.76 982.26
85.75 -21.71 1455.47
92.07 -14.36 1150.16
60.27 -12.20 1293.91
81.27 -12.30 1111.51
66.12 -18.93 1620.70
74.69 -10.99 1018.49
63.18 -9.75 1053.42
63.28 -11.55 1217.91
72.43 -20.70 1587.04
50.74 -14.34 1302.09
28.48 -8.88 1414.93
10.16 -12.38 1373.11
64.31 -14.21 1370.31
17.44 -10.27 1418.77
64.83 -12.49 1193.61
90.23 -14.35 1154.67
18.03 -7.21 1427.55
39.76 -8.73 1148.44
33.69 -14.46 1553.00
66.46 -11.81 1155.38
12.82 -12.28 1395.30
33.23 -7.24 1242.68
75.83 -12.41 1100.40
62.47 -14.27 1363.48
59.73 -10.39 1236.49
88.73 -16.95 1294.37
56.87 -11.40 1203.11
83.56 -15.47 1309.24
90.06 -16.13 1274.07
50.22 -17.63 1477.08
92.56 -15.75 1263.11
86.55 -14.56 1223.03
92.30 -17.83 1289.90
21.71 -5.38 1449.39
49.97 -12.61 1206.62
58.07 -10.10 1241.95
50.81 -11.09 1148.13
47.81 -15.72 1405.10
73.55 -23.55 1575.91
52.58 -8.58 1125.19
49.79 -9.56 1095.53
41.19 -11.99 1316.18
43.83 -11.14 1173.57
39.79 -12.44 1326.77
39.87 -14.12 1395.90
40.75 -19.37 1686.99
45.12 -14.01 1336.22
38.16 -11.44 1335.12
41.49 -14.62 1391.75
32.05 -17.15 1609.81
36.38 -16.10 1534.77
45.26 -20.83 1731.28
41.89 -16.21 1469.85
43.50 -16.91 1463.19
44.88 -15.97 1443.11
37.54 -17.42 1535.37
43.73 -18.73 1631.56
32.02 -15.05 1576.29
46.23 -21.52 1731.13
35.89 -21.54 1638.65
46.64 -18.59 1593.51
40.48 -17.38 1511.20
6.56 -12.80 1360.96
69.91 -10.18 980.24
46.57 -16.92 1439.25
38.84 -15.00 1431.47
39.05 -16.66 1518.17
2.54 -13.32 1347.67
44.80 -22.76 1699.50
63.55 -17.60 1517.68
49.50 -16.03 1399.80
36.67 -12.71 1372.87
4.73 -9.80 1290.21
37.27 -14.59 1440.35
4.45 -13.38 1356.21
34.60 -12.53 1384.72
24.81 -11.15 1511.81
8.87 -12.07 1367.56
6.12 -19.05 1451.27
6.29 -11.51 1324.86
5.52 -13.74 1360.41
11.07 -16.56 1438.54
6.97 -15.46 1399.24
7.15 -16.81 1430.48
0.97 -17.54 1425.34
16.88 -22.78 1521.77
1.69 -15.89 1394.83
1.36 -13.64 1347.72
5.67 -15.05 1396.20
3.12 -12.15 1323.48
0.65 -12.80 1335.85
3.37 -14.07 1356.13
3.16 -15.43 1394.11
1.01 -20.92 1466.93
1.99 -18.97 1439.50
3.66 -18.63 1439.97
4.39 -16.06 1398.01
2.44 -22.08 1475.72
2.00 -27.48 1520.43
58.93 -13.49 1262.96
77.74 -12.20 1101.90
81.26 -9.62 914.74
77.72 -8.89 817.93
63.87 -5.86 833.36
64.94 -8.79 998.31
67.16 -16.78 1496.09
68.15 -12.85 1144.37
61.88 -12.62 1301.13
78.65 -13.89 1262.52
71.64 -12.63 1109.17
77.33 -15.26 1323.06
71.69 -9.64 973.82
65.20 -6.89 824.12
67.27 -6.13 806.30
69.79 -11.97 1113.67
69.33 -15.50 1432.60
68.06 -14.45 1422.44
82.72 -10.15 918.16
70.77 -6.67 777.71
62.10 -5.98 840.08
80.26 -10.85 985.01
74.65 -18.33 1538.83
70.81 -15.50 1428.77
79.03 -19.61 1503.16
81.60 -15.47 1318.54
77.46 -22.66 1541.41
65.19 -15.32 1423.28
68.52 -16.96 1496.01
61.32 -15.73 1399.04
57.99 -16.70 1419.90
53.08 -16.68 1445.82
66.12 -17.63 1513.08
54.79 -17.25 1446.82
66.60 -21.53 1649.92
68.53 -19.53 1626.79
73.91 -15.04 1353.24
74.88 -23.05 1567.55
70.85 -18.30 1558.71
67.23 -19.86 1631.48
71.15 -19.83 1604.70
57.22 -21.19 1685.07
69.67 -20.62 1613.53
74.03 -20.15 1575.52
73.53 -16.97 1507.26
53.70 -20.23 1585.97
67.00 -24.88 1626.30
79.33 -17.75 1462.52
86.03 -18.75 1395.69
83.09 -21.42 1467.97
79.18 -24.69 1532.09
75.20 -21.37 1556.43
84.56 -20.88 1459.74
84.72 -19.38 1403.81
87.02 -16.22 1299.34
83.66 -18.31 1407.88
76.43 -18.24 1531.06
72.27 -22.41 1589.80
81.59 -26.13 1517.44
67.66 -22.93 1619.02
76.21 -23.85 1557.96
70.75 -23.28 1599.34
73.84 -26.55 1568.42
69.43 -22.35 1611.33
71.09 -25.10 1589.52
72.97 -25.25 1586.41
87.10 -20.98 1449.16
80.20 -20.72 1486.84
80.65 -24.79 1529.28
76.80 -21.19 1551.08
64.82 -19.79 1623.75
51.55 -28.96 1668.54
92.52 -26.13 1475.09
92.28 -22.80 1448.22
81.81 -20.21 1477.30
71.97 -28.98 1586.93
83.67 -24.19 1496.08
68.15 -26.36 1608.39
74.85 -29.27 1571.19
80.64 -27.95 1538.38
76.55 -25.44 1551.19
78.24 -25.88 1547.41
83.11 -25.85 1512.94
86.01 -23.19 1476.13
91.91 -19.32 1388.27
34.25 -8.76 1247.98
76.09 -28.33 1560.19
78.76 -27.80 1542.71
77.61 -29.06 1555.65
81.44 -29.21 1522.73
83.40 -29.21 1519.99
85.73 -25.81 1496.23
85.18 -24.22 1493.51
87.54 -23.41 1474.15
84.67 -28.35 1508.89
88.14 -22.03 1448.82
84.42 -26.81 1505.80
87.32 -26.28 1493.43
89.59 -21.70 1445.56
88.73 -18.78 1387.36
93.19 -24.45 1459.56
93.09 -20.84 1406.39
86.46 -29.14 1506.13
87.80 -28.07 1498.26
93.32 -27.93 1485.05
88.31 -24.92 1477.71
90.93 -26.31 1476.11
90.63 -23.08 1449.95
89.95 -24.92 1475.50
35.76 -8.20 1228.13
13.41 -5.57 1330.18
11.80 -8.18 1314.96
14.94 -8.27 1349.26
14.51 -11.96 1400.86
15.51 -15.67 1455.02
18.05 -11.66 1442.45
30.76 -18.02 1595.98
23.45 -8.91 1529.56
13.90 -16.41 1450.61
18.49 -13.94 1449.84
7.41 -19.59 1455.39
13.23 -18.17 1461.65
22.18 -13.26 1484.29
20.18 -9.21 1450.91
18.67 -15.29 1469.64
19.51 -11.88 1445.84
20.59 -10.81 1451.76
18.48 -8.89 1437.26
22.09 -11.38 1463.11
22.54 -7.90 1519.19
20.87 -14.00 1474.12
30.02 -12.35 1497.94
21.08 -7.98 1512.46
22.92 -6.21 1433.12
45.19 -19.46 1620.38
47.60 -21.41 1731.02
42.38 -20.03 1685.09
62.27 -20.09 1618.94
40.79 -26.36 1655.75
42.08 -25.43 1662.12
46.69 -23.58 1703.04
44.26 -24.76 1671.45
49.57 -19.41 1582.91
55.84 -14.20 1253.16
48.04 -22.77 1706.18
52.25 -19.38 1576.93
52.60 -14.75 1296.64
51.93 -17.86 1475.58
57.20 -12.98 1252.63
55.36 -10.75 1191.69
47.69 -25.99 1680.41
56.64 -19.78 1587.62
48.08 -19.86 1595.99
50.89 -20.42 1592.69
53.29 -21.90 1737.49
50.56 -23.21 1708.53
51.32 -21.91 1737.68
70.52 -28.21 1594.33
50.21 -27.99 1668.76
58.55 -24.99 1661.33
65.09 -21.42 1655.66
62.26 -21.73 1674.80
47.41 -27.87 1666.76
55.71 -23.72 1693.83
59.56 -19.41 1601.59
58.16 -18.41 1584.16
60.95 -22.82 1679.81
65.22 -25.28 1630.70
63.97 -24.13 1640.61
69.05 -29.22 1603.18
33.46 -10.61 1381.45
34.87 -16.16 1545.83
31.20 -10.66 1396.69
25.14 -12.71 1508.51
6.05 -17.70 1431.78
10.78 -24.08 1511.18
4.58 -17.35 1430.40
6.28 -26.92 1521.18
4.45 -21.23 1475.88
4.69 -19.75 1450.24
7.47 -21.11 1481.25
7.62 -26.02 1521.82
3.71 -27.91 1521.26
5.97 -23.68 1504.48
5.94 -22.05 1480.63
2.46 -23.97 1503.72
1.03 -25.14 1507.37
4.50 -24.75 1505.31
6.20 -28.47 1526.00
0.98 -28.83 1521.31
4.64 -29.26 1525.40
4.77 -26.36 1519.74
9.10 -26.75 1525.04
7.59 -24.39 1507.12
8.99 -28.39 1530.65
7.43 -29.21 1529.28
10.75 -25.82 1526.55
10.37 -29.18 1534.49
10.22 -19.08 1459.38
11.90 -28.41 1536.27
12.16 -26.70 1532.07
93.48 -16.85 1277.21
91.38 -16.74 1273.28
64.72 -16.85 1509.36
63.66 -19.23 1616.77
82.22 -18.61 1418.38
80.91 -17.27 1440.24
77.66 -16.88 1488.16
77.42 -19.88 1511.01
78.74 -23.07 1534.84
82.70 -23.01 1506.26
81.21 -23.33 1511.91
79.99 -22.26 1522.21
90.75 -28.11 1490.79
89.47 -28.93 1495.86
92.35 -29.18 1489.72
12.04 -14.02 1403.05
11.39 -18.00 1459.68
10.47 -13.77 1400.73
9.70 -16.20 1434.45
25.08 -8.50 1516.18
23.32 -10.50 1497.30
16.90 -19.80 1503.36
28.93 -15.54 1540.65
45.85 -22.75 1701.53
48.90 -25.36 1682.72
50.24 -26.20 1684.36
53.59 -26.67 1673.06
59.56 -27.76 1652.42
54.34 -29.30 1665.65
52.90 -25.18 1687.67
57.04 -29.11 1660.83
53.02 -28.26 1667.51
56.91 -22.69 1690.02
55.57 -28.41 1662.48
55.17 -26.81 1671.84
63.27 -29.29 1631.37
64.78 -28.28 1625.04
56.12 -25.66 1668.22
57.49 -26.09 1665.79
58.01 -27.94 1654.72
61.15 -24.77 1652.48
61.91 -17.29 1513.91
59.40 -15.37 1393.29
56.15 -16.03 1417.53
55.09 -19.28 1577.13
61.01 -18.97 1600.42
63.92 -22.50 1667.39
58.99 -20.98 1684.25
59.54 -22.35 1683.45
30.27 -8.99 1405.09
25.88 -9.87 1502.78
30.75 -7.45 1284.78
28.14 -7.29 1342.80
24.11 -15.72 1520.49
19.89 -24.50 1548.31
9.00 -21.73 1485.18
12.07 -21.14 1490.61
9.09 -23.37 1507.62
12.31 -22.94 1513.03
14.74 -27.16 1539.39
15.25 -22.26 1518.76
10.44 -20.64 1486.56
13.68 -19.74 1493.41
14.34 -24.87 1534.41
13.62 -26.17 1533.80
16.98 -27.02 1545.10
17.16 -28.45 1550.99
20.64 -19.99 1532.26
14.67 -28.50 1543.07
13.28 -29.23 1540.63
15.84 -25.16 1536.51
16.08 -29.27 1546.92
15.97 -26.50 1541.68
17.09 -24.24 1539.73
13.95 -23.43 1516.52
18.97 -27.24 1552.89
21.03 -25.85 1559.92
18.16 -26.42 1546.97
18.39 -24.98 1545.53
17.96 -21.49 1525.26
19.24 -29.39 1560.96
15.21 -20.37 1500.24
18.36 -28.57 1552.82
22.04 -29.09 1569.52
19.61 -21.55 1528.24
17.81 -18.29 1501.71
24.62 -23.34 1570.37
19.90 -18.43 1504.38
22.67 -25.46 1562.53
22.85 -17.08 1508.67
19.70 -13.19 1460.28
22.15 -22.82 1553.10
20.72 -28.47 1564.03
20.35 -27.15 1553.94
20.53 -22.99 1550.53
22.38 -20.15 1535.44
23.48 -18.81 1542.82
21.02 -16.85 1504.64
25.65 -20.81 1569.37
25.92 -16.22 1525.70
30.22 -23.51 1597.89
28.61 -20.10 1587.81
29.35 -28.21 1598.43
26.56 -28.47 1585.52
58.38 -23.53 1686.36
20.32 -15.46 1472.61
48.59 -29.02 1668.73
59.89 -25.77 1657.60
30.46 -14.26 1584.23
27.23 -14.96 1529.17
25.20 -19.16 1547.49
27.97 -18.35 1565.07
26.82 -13.22 1522.49
23.74 -13.94 1495.50
28.07 -11.90 1511.23
27.47 -10.10 1490.28
26.39 -17.94 1557.84
29.19 -17.21 1583.16
27.48 -21.34 1574.44
27.75 -23.18 1585.97
28.79 -26.58 1588.15
31.21 -22.78 1607.11
24.51 -21.84 1561.30
26.02 -24.15 1578.74
22.97 -21.53 1558.02
23.14 -23.94 1566.47
23.63 -28.26 1573.88
33.88 -29.19 1618.25
27.91 -29.29 1592.68
26.98 -26.84 1586.18
25.80 -25.84 1576.31
31.55 -21.13 1614.12
29.02 -23.86 1594.88
23.92 -26.55 1573.06
25.09 -29.17 1581.65
29.42 -25.45 1601.78
30.81 -28.92 1604.36
31.83 -25.24 1607.53
46.09 -28.16 1665.46
34.57 -26.08 1621.47
30.62 -25.10 1604.80
32.51 -23.75 1616.26
33.92 -23.42 1619.95
33.29 -20.69 1620.37
32.76 -26.41 1619.03
42.59 -22.80 1679.83
34.27 -19.23 1654.83
30.42 -19.94 1591.58
43.92 -27.03 1664.57
36.67 -29.36 1629.38
33.78 -17.72 1617.60
35.98 -19.83 1665.49
86.86 -11.82 1080.91
84.17 -12.48 1134.24
72.84 -11.13 1022.92
75.70 -8.91 822.75
72.05 -14.18 1358.62
71.69 -17.14 1508.51
75.56 -26.63 1565.55
73.39 -28.25 1578.61
39.18 -20.30 1688.38
38.94 -22.14 1653.11
37.41 -19.07 1682.98
37.08 -22.61 1648.39
35.04 -24.57 1631.33
36.67 -24.23 1634.73
37.95 -28.39 1636.61
40.06 -23.44 1665.10
40.90 -28.08 1647.46
32.38 -28.11 1609.92
37.87 -25.57 1645.47
39.47 -29.03 1640.74
35.61 -27.14 1629.25
45.39 -25.51 1674.50
43.29 -25.82 1664.54
42.56 -29.05 1652.17
43.81 -28.37 1656.40
46.53 -24.97 1677.58
44.33 -21.55 1713.24
45.31 -29.31 1659.46
45.23 -26.82 1665.11
42.92 -21.47 1709.19
44.03 -23.58 1684.18
41.61 -23.59 1668.44
39.41 -25.26 1649.26
37.28 -26.98 1631.08
35.30 -28.55 1622.82
62.50 -25.32 1647.38
62.85 -26.77 1636.91
70.08 -26.36 1605.24
66.13 -28.99 1618.20
67.61 -28.21 1611.25
51.38 -24.99 1688.14
54.06 -23.39 1697.48
64.51 -26.83 1635.69
60.56 -28.93 1643.98
62.15 -28.22 1640.44
