x z velocity
30.26 2065.26 137.25
30.56 2064.99 141.23
74.92 2062.94 129.00
41.31 2064.60 119.05
93.27 2060.69 150.35
29.81 2065.09 139.60
66.64 2063.28 104.79
32.98 2064.96 178.99
30.97 2065.26 132.30
31.64 2065.10 134.32
82.31 2062.81 105.16
49.62 2064.48 294.75
28.83 2065.07 154.00
32.31 2065.10 148.61
34.00 2064.66 155.11
31.11 2064.45 367.11
51.88 2065.18 111.68
24.33 2066.64 125.29
20.13 2065.99 465.14
22.99 2066.78 137.62
2.33 2067.28 106.23
24.04 2066.40 155.22
64.94 2063.21 111.66
29.51 2064.54 288.55
24.94 2066.40 117.06
25.90 2066.11 137.26
29.76 2063.95 418.19
27.68 2065.85 153.20
20.32 2067.17 133.23
26.91 2065.95 206.68
26.26 2066.21 151.80
34.34 2064.84 138.53
33.51 2062.24 358.23
23.71 2066.60 158.48
6.93 2067.20 105.39
36.28 2064.70 150.27
32.63 2064.79 173.00
35.01 2064.89 128.09
35.26 2064.21 225.70
37.32 2064.43 140.41
28.93 2065.68 113.51
38.34 2064.71 167.81
35.91 2064.52 159.25
7.70 2067.10 111.38
39.05 2064.60 189.14
82.98 2062.77 103.84
39.49 2064.38 186.05
36.98 2064.75 139.56
37.67 2064.65 139.67
29.54 2065.47 118.81
22.32 2066.86 122.41
40.99 2064.83 115.45
74.32 2062.46 138.20
42.34 2064.87 117.96
42.00 2064.59 121.24
31.28 2064.93 139.14
88.06 2061.92 107.81
43.70 2064.86 118.74
46.05 2065.04 118.53
45.68 2065.27 124.72
8.34 2066.46 216.63
41.12 2064.26 145.74
44.14 2064.67 120.09
26.50 2065.85 203.67
42.66 2064.69 118.90
24.31 2066.08 144.65
40.38 2064.81 117.79
33.66 2064.97 176.43
73.98 2062.53 132.88
83.61 2061.39 203.06
4.27 2067.23 104.44
12.99 2067.27 110.41
7.30 2066.85 110.60
6.30 2067.30 103.61
42.98 2064.91 117.54
23.64 2065.20 373.72
42.21 2064.11 165.35
8.37 2067.25 134.15
76.17 2061.07 280.95
9.69 2067.15 117.47
10.11 2066.94 114.42
45.46 2064.75 164.93
8.70 2067.06 134.03
9.42 2065.97 573.98
8.07 2066.90 122.23
84.96 2061.37 207.85
16.33 2067.34 116.14
74.04 2061.59 268.83
40.30 2063.84 228.10
60.56 2062.21 350.08
6.34 2066.65 122.53
45.06 2065.20 128.13
55.60 2064.12 132.90
6.56 2067.04 105.53
0.22 2067.13 102.80
3.00 2067.28 107.71
67.54 2062.87 125.31
25.79 2065.72 167.33
64.34 2063.82 103.47
3.31 2067.12 107.79
3.64 2067.31 106.98
22.65 2066.00 327.74
73.69 2063.01 105.57
39.76 2063.82 225.24
48.67 2065.19 121.50
19.67 2067.09 114.30
16.04 2067.02 131.99
18.30 2067.23 109.80
38.01 2064.41 148.92
11.65 2067.32 106.72
84.31 2062.20 104.43
19.99 2066.91 121.99
60.02 2063.31 295.76
22.63 2066.59 133.00
23.36 2066.42 158.95
31.96 2064.85 144.97
80.99 2062.84 117.83
18.97 2067.20 109.59
10.42 2067.24 108.67
28.94 2064.60 313.83
81.98 2062.66 108.54
15.71 2067.16 139.73
35.65 2064.07 228.35
12.28 2067.22 110.04
11.93 2067.08 111.24
72.53 2062.21 214.73
51.29 2064.96 158.05
14.67 2067.12 139.36
21.89 2066.28 195.79
13.68 2067.21 114.82
40.70 2064.68 117.76
28.50 2065.22 163.78
46.06 2064.18 307.06
14.99 2067.30 141.92
19.31 2066.90 114.89
65.64 2062.77 162.37
47.16 2064.56 256.50
82.63 2062.58 105.18
29.14 2065.39 119.93
44.44 2065.04 123.63
75.30 2061.67 267.01
40.15 2064.58 134.00
74.29 2063.01 113.97
75.64 2062.86 134.02
58.66 2063.83 126.35
88.66 2061.88 104.51
76.62 2062.20 271.67
72.68 2062.70 106.51
36.69 2063.92 188.04
83.36 2062.47 104.50
79.68 2062.98 107.64
79.99 2062.79 111.63
28.59 2065.59 116.06
61.84 2063.70 107.03
20.59 2066.81 139.30
75.98 2062.65 127.53
75.22 2062.64 136.86
79.32 2062.66 108.74
41.66 2064.75 119.06
30.62 2064.47 364.88
35.63 2064.85 132.59
70.35 2063.18 106.22
23.15 2065.88 343.69
74.54 2062.79 126.89
78.30 2063.02 105.44
76.34 2062.96 114.99
77.99 2062.86 106.66
77.03 2062.92 109.45
86.26 2060.99 326.18
41.25 2063.79 280.37
84.60 2062.44 102.36
37.43 2063.47 197.23
78.97 2062.85 106.69
9.00 2067.26 129.69
51.01 2065.45 123.04
71.61 2062.96 106.01
31.31 2064.02 311.28
89.62 2061.33 126.99
61.55 2063.21 129.31
87.71 2062.13 109.08
71.58 2061.85 253.40
93.62 2061.23 142.48
92.00 2061.11 112.93
17.85 2066.70 249.05
55.90 2064.57 110.23
89.27 2061.78 103.76
90.94 2061.50 103.83
49.67 2065.52 115.84
58.66 2064.26 104.12
88.98 2061.98 103.42
87.31 2061.87 114.05
28.32 2065.80 119.35
34.67 2064.63 137.18
84.03 2062.49 102.79
43.35 2064.62 120.03
83.71 2062.65 102.95
10.79 2067.11 109.04
83.14 2061.96 226.85
25.64 2066.35 117.43
86.27 2062.40 110.04
84.33 2062.72 101.93
84.94 2062.52 102.18
18.57 2066.48 251.48
34.86 2064.15 228.01
17.66 2067.30 113.75
85.92 2062.28 108.31
86.94 2062.16 116.36
11.35 2066.88 132.38
16.57 2066.20 631.99
86.54 2062.04 117.35
69.36 2062.82 150.39
42.65 2064.20 161.29
65.99 2062.28 290.21
52.25 2065.29 107.28
32.03 2064.38 299.07
53.92 2064.90 102.27
52.87 2063.74 234.81
53.66 2065.21 102.30
40.74 2064.36 144.18
57.32 2064.35 111.59
9.18 2066.51 206.86
55.26 2064.75 103.40
54.26 2065.00 102.10
78.61 2062.69 107.50
43.42 2063.50 347.23
55.62 2064.89 103.44
52.60 2064.95 105.72
71.24 2062.85 106.48
72.32 2062.98 105.46
47.07 2065.35 111.14
68.51 2062.91 172.15
48.00 2065.24 121.27
46.77 2065.06 115.48
59.31 2064.11 104.39
36.60 2064.45 146.19
51.63 2065.43 123.25
49.03 2065.39 117.73
48.31 2065.44 119.25
38.14 2063.89 181.55
20.94 2066.93 136.26
20.27 2066.56 162.39
46.37 2065.22 113.55
49.97 2065.24 118.96
62.99 2063.90 109.50
21.98 2066.70 119.39
56.98 2064.67 112.73
18.60 2067.01 111.09
65.57 2063.62 103.41
5.98 2066.74 120.01
64.95 2063.76 102.76
35.30 2064.68 132.86
66.31 2063.48 104.39
53.02 2065.14 103.51
70.96 2063.13 104.54
67.83 2063.19 118.95
66.99 2063.53 103.76
59.67 2064.23 103.69
27.25 2065.64 187.63
24.60 2066.32 121.40
68.22 2063.30 122.94
65.88 2063.30 105.42
12.60 2067.03 112.69
21.66 2066.98 121.93
58.98 2064.39 103.34
28.66 2063.45 570.98
58.35 2064.48 104.22
38.90 2063.30 236.57
60.00 2064.05 105.81
76.70 2062.70 113.99
65.19 2063.52 103.67
39.77 2064.71 137.84
61.17 2063.94 103.94
61.56 2064.02 103.75
26.19 2064.94 330.03
5.69 2067.29 103.18
63.34 2063.61 109.75
62.28 2063.86 107.68
76.12 2062.15 274.68
38.72 2064.38 182.73
60.33 2064.24 102.82
68.96 2063.10 166.51
57.67 2064.49 108.79
45.40 2065.09 128.29
56.28 2064.70 111.82
11.81 2066.30 324.37
44.45 2064.13 279.79
15.36 2066.98 145.49
12.68 2066.57 283.18
13.33 2067.01 115.33
10.89 2066.41 255.00
11.04 2067.32 106.11
8.75 2066.62 205.91
9.36 2066.96 124.95
5.02 2067.16 103.93
5.98 2067.13 103.78
3.72 2066.70 124.45
7.58 2065.57 504.99
3.91 2067.07 105.60
4.62 2066.92 105.07
67.12 2061.31 312.50
85.45 2060.70 341.40
77.69 2063.03 106.61
77.96 2062.50 125.31
78.36 2062.34 125.41
82.64 2062.05 246.48
79.55 2062.23 157.91
80.31 2062.97 113.33
73.03 2062.90 105.12
73.98 2062.86 109.92
70.99 2062.54 121.95
75.01 2062.10 270.70
69.73 2063.14 120.46
70.63 2062.68 124.10
89.74 2060.91 152.25
91.65 2061.47 104.91
88.35 2062.10 104.48
85.65 2062.51 103.22
85.81 2061.88 142.72
81.67 2062.90 112.45
81.89 2062.28 178.12
50.30 2065.37 118.91
51.30 2065.29 124.32
54.98 2064.98 102.33
55.19 2064.27 128.88
53.56 2063.95 182.12
59.09 2063.71 128.69
53.34 2064.95 103.07
53.60 2064.64 103.72
63.69 2063.77 108.29
64.63 2063.65 103.24
69.54 2062.22 355.41
70.65 2063.01 105.67
67.61 2063.46 104.91
66.62 2062.42 292.69
58.01 2064.26 106.78
58.23 2063.80 128.06
59.40 2063.26 404.23
64.59 2063.32 112.11
60.95 2064.17 102.46
60.90 2063.67 111.25
33.31 2064.72 183.65
33.40 2064.23 233.78
28.00 2065.63 135.24
27.83 2064.87 263.78
26.16 2065.51 188.80
33.87 2064.19 230.21
25.25 2066.16 118.63
25.35 2065.72 164.30
21.27 2066.70 130.21
22.25 2065.86 356.21
18.98 2065.02 437.15
29.29 2063.26 600.45
16.97 2067.23 113.15
17.96 2067.07 113.40
32.69 2063.89 281.53
39.67 2061.86 392.40
38.63 2063.86 183.52
43.11 2064.10 164.58
44.84 2064.94 126.17
45.03 2064.19 299.80
48.39 2064.65 269.80
51.65 2064.86 148.14
47.69 2065.42 113.60
47.94 2064.71 270.02
41.87 2063.66 272.12
45.89 2064.67 163.85
14.35 2067.31 133.21
14.65 2066.71 214.50
15.12 2066.56 217.55
19.05 2066.39 250.58
16.35 2066.77 139.46
16.64 2067.09 115.60
10.35 2066.42 249.45
11.35 2067.19 106.99
7.11 2066.21 282.57
11.71 2066.77 137.71
5.37 2066.98 104.39
6.52 2066.17 267.94
91.34 2060.68 165.27
6.25 2064.87 574.00
3.03 2064.78 475.51
93.84 2060.86 145.67
77.39 2062.76 109.49
77.58 2062.41 128.76
80.00 2062.37 153.86
80.63 2062.68 118.13
73.39 2062.74 106.27
74.48 2062.07 265.10
71.04 2062.06 286.29
81.82 2061.42 273.83
71.92 2062.74 108.00
71.99 2062.24 214.27
70.08 2062.97 114.85
70.11 2062.20 327.47
87.43 2061.28 253.84
92.35 2061.29 118.24
92.75 2060.03 193.87
85.25 2062.31 103.28
85.37 2061.88 143.93
81.32 2062.65 117.15
82.23 2061.90 274.56
80.42 2062.27 152.23
89.10 2057.87 451.81
50.64 2065.20 121.79
50.79 2064.36 251.08
54.58 2064.76 102.65
54.72 2064.25 129.61
56.60 2064.45 113.45
56.68 2064.03 155.93
64.03 2063.60 106.63
65.07 2062.78 160.18
61.86 2062.69 152.50
69.16 2061.65 295.92
67.27 2063.34 104.89
67.21 2063.00 121.84
57.17 2063.96 152.34
63.23 2063.20 134.13
62.61 2063.64 109.30
62.72 2063.20 133.76
60.61 2064.08 102.82
60.57 2063.78 112.76
28.13 2065.22 177.18
27.28 2065.06 275.51
24.35 2065.39 293.58
27.99 2064.34 365.43
21.41 2066.25 185.33
21.30 2065.69 498.54
17.30 2067.05 116.14
18.16 2066.33 263.42
40.40 2064.27 148.81
40.76 2063.46 256.62
42.14 2062.88 382.91
52.40 2064.41 205.10
49.36 2065.26 117.99
49.67 2064.98 126.16
51.39 2064.03 223.71
58.27 2062.67 332.52
47.42 2065.20 113.35
47.59 2064.68 262.66
14.03 2067.03 122.14
14.23 2066.62 208.80
15.15 2065.86 589.98
21.93 2065.36 477.69
8.26 2065.76 573.71
14.02 2066.15 448.98
5.58 2066.59 120.61
5.46 2065.98 353.38
89.35 2060.57 208.50
91.26 2061.22 105.07
93.75 2059.98 186.55
4.84 2065.80 380.46
75.87 2061.71 266.31
80.68 2061.71 344.53
77.83 2061.64 244.82
78.36 2061.91 248.64
73.60 2062.40 129.74
73.50 2061.86 271.35
68.20 2062.34 224.28
86.21 2057.64 464.92
90.23 2061.71 103.72
88.22 2061.54 142.68
87.99 2061.17 260.09
92.70 2061.06 123.59
90.51 2061.35 104.68
86.21 2061.67 143.16
93.53 2058.63 340.01
84.33 2061.60 198.01
82.08 2060.61 297.64
81.45 2062.25 176.90
81.25 2061.72 335.90
51.48 2063.34 299.09
57.34 2063.48 212.47
64.21 2063.24 113.73
64.03 2062.75 175.69
67.11 2062.05 244.18
68.45 2061.71 293.24
60.51 2062.96 206.69
64.54 2062.39 181.96
39.49 2063.26 247.34
44.72 2062.82 372.27
45.12 2064.63 161.02
45.54 2063.82 349.54
50.86 2064.85 156.75
51.81 2064.42 194.53
46.83 2064.07 292.04
48.81 2064.22 251.40
13.18 2066.55 287.30
13.44 2066.11 424.80
17.41 2066.68 267.29
17.21 2066.15 579.69
11.02 2066.80 132.47
11.32 2066.02 394.77
11.71 2064.92 465.65
91.85 2058.55 415.87
93.30 2061.09 138.88
88.88 2060.83 262.16
70.28 2062.62 130.88
70.50 2061.78 278.02
91.86 2060.60 165.54
93.59 2060.49 150.49
89.62 2061.89 103.24
89.26 2061.44 138.03
88.61 2061.55 138.69
93.01 2061.32 131.48
89.85 2061.63 104.49
88.35 2060.70 275.98
88.91 2061.30 150.44
66.80 2062.91 122.62
67.62 2062.42 209.38
60.17 2063.73 116.60
61.00 2063.26 134.90
44.18 2063.50 363.85
56.88 2063.16 230.11
46.26 2062.59 326.48
45.51 2063.08 348.95
10.06 2065.89 602.13
19.37 2065.84 426.52
57.93 2063.37 209.93
65.60 2061.47 431.82
64.72 2061.57 407.60
2.66 2067.09 107.38
3.34 2066.75 123.43
92.89 2060.62 151.15
2.27 2066.06 230.71
92.18 2059.99 198.56
1.00 2067.15 103.51
4.44 2066.35 205.01
3.90 2066.29 195.59
3.65 2065.13 483.02
1.68 2067.29 103.77
0.33 2066.14 157.48
3.06 2066.03 211.83
2.66 2066.68 122.97
3.03 2066.51 125.27
1.98 2065.28 426.91
2.01 2067.09 105.16
1.35 2066.97 104.27
1.54 2066.57 117.37
1.98 2066.70 118.65
2.29 2066.48 124.45
0.81 2065.82 191.27
0.55 2066.81 103.77
3.55 2065.86 216.47
2.67 2065.79 237.27
2.53 2065.27 454.83
1.44 2066.10 207.38
1.86 2065.81 233.79
0.37 2064.44 396.12
1.60 2064.86 377.27
2.64 2063.93 454.46
6.04 2065.65 342.94
30.59 2063.47 373.46
32.49 2064.33 289.63
74.32 2060.96 307.55
76.95 2061.82 248.20
30.34 2063.94 408.92
33.15 2063.83 268.90
37.18 2063.91 184.85
38.12 2062.99 238.53
35.81 2063.47 290.01
37.25 2062.90 288.06
12.32 2066.16 305.42
12.53 2065.65 398.13
31.77 2063.99 303.57
34.08 2063.71 293.30
71.73 2061.14 260.22
72.91 2061.70 251.54
55.85 2063.62 252.92
56.45 2063.60 248.20
62.47 2062.73 157.12
63.50 2062.71 184.79
22.14 2064.53 550.82
28.04 2063.17 521.27
17.75 2065.85 451.13
23.17 2064.33 493.33
4.41 2065.01 466.90
10.49 2065.25 568.16
69.59 2060.88 236.54
77.44 2059.95 385.18
77.23 2060.76 268.22
86.94 2060.74 328.70
63.01 2062.31 224.37
61.89 2061.26 334.57
13.30 2065.01 477.76
18.02 2065.09 445.83
90.25 2060.86 145.59
93.28 2059.59 196.58
91.16 2059.69 272.73
90.46 2060.39 193.04
28.56 2064.19 388.68
36.70 2062.80 288.81
72.53 2061.03 261.60
77.45 2061.97 238.87
75.05 2061.01 305.25
79.38 2061.60 392.05
32.65 2062.87 335.01
31.96 2063.46 357.77
37.91 2063.47 196.66
39.97 2062.50 335.86
36.39 2063.38 273.60
33.35 2063.31 310.70
31.26 2063.12 432.83
38.62 2062.85 238.09
13.15 2065.62 404.00
14.47 2065.54 507.17
31.08 2063.57 366.36
34.61 2063.68 295.11
32.42 2063.40 350.89
34.83 2063.10 344.53
54.25 2063.67 172.19
59.07 2062.62 321.35
54.62 2062.97 432.79
55.53 2063.02 422.89
59.74 2061.92 345.46
61.35 2062.00 341.72
26.78 2064.67 318.83
27.61 2063.80 371.51
28.32 2061.47 462.33
31.12 2061.02 441.44
24.96 2065.15 279.86
26.95 2063.93 367.74
91.01 2060.30 190.56
91.80 2059.46 259.05
89.50 2059.84 258.30
90.55 2059.28 277.49
29.58 2062.55 482.67
33.82 2063.23 306.34
37.11 2061.63 431.40
41.46 2062.24 374.99
35.49 2062.25 460.70
37.55 2062.50 311.61
30.24 2062.54 464.57
32.35 2062.38 359.56
33.12 2062.83 329.47
33.97 2062.51 364.50
31.68 2063.04 427.88
35.42 2062.95 357.67
31.84 2062.49 366.60
38.96 2061.90 386.88
16.22 2064.48 526.86
29.24 2061.60 454.69
40.70 2062.68 347.91
52.38 2063.07 275.48
7.20 2064.75 574.00
6.84 2061.79 887.59
80.19 2060.21 442.39
90.27 2057.67 466.46
50.20 2064.08 268.69
52.50 2062.04 359.17
47.07 2063.21 304.45
50.19 2063.38 279.92
1.77 2064.00 442.26
5.97 2063.31 611.78
11.21 2065.38 561.61
15.96 2065.57 594.89
12.30 2065.12 463.51
20.52 2064.44 531.06
34.46 2062.41 373.61
36.01 2061.82 454.83
56.82 2062.41 357.28
68.13 2060.22 348.97
90.10 2059.71 253.55
90.90 2058.45 445.26
88.16 2060.09 322.84
92.77 2057.97 387.03
27.72 2062.40 422.66
32.56 2061.80 385.79
38.64 2062.32 387.86
37.94 2062.60 316.76
36.57 2062.07 449.25
38.19 2062.20 381.58
33.34 2060.76 592.13
38.75 2061.32 381.46
37.54 2061.95 421.86
37.99 2061.79 415.54
30.98 2062.78 452.42
31.04 2062.29 389.76
30.54 2062.98 471.52
30.58 2062.03 409.57
31.48 2062.08 381.06
32.17 2061.25 426.72
36.55 2060.25 492.62
31.60 2061.42 427.09
30.54 2061.42 444.51
26.76 2062.42 429.67
50.87 2062.96 348.36
56.08 2062.24 345.80
88.84 2059.50 286.63
92.21 2055.92 700.31
34.83 2061.89 463.74
34.98 2060.98 489.96
37.29 2060.77 439.41
38.22 2061.32 385.78
32.56 2060.45 606.33
33.25 2061.70 392.59
35.81 2060.86 484.89
39.15 2060.66 387.83
37.95 2060.63 423.99
38.61 2060.12 398.77
34.41 2059.00 684.93
51.46 2061.49 433.51
75.61 2059.62 479.77
70.37 2061.04 236.34
14.27 2063.96 609.37
27.73 2060.40 623.63
60.88 2056.72 805.06
80.09 2061.18 360.83
78.43 2060.88 278.91
83.19 2060.52 283.23
57.21 2060.05 442.08
65.07 2057.55 679.58
25.42 2064.59 310.49
25.47 2063.70 359.64
24.74 2062.89 436.57
26.42 2063.32 368.34
42.97 2062.75 370.19
49.27 2061.30 444.70
8.91 2065.37 690.65
14.05 2064.89 490.78
54.46 2062.02 398.68
55.53 2061.52 373.17
11.72 2063.98 580.81
17.36 2064.22 527.36
73.87 2060.17 390.90
88.19 2057.04 475.03
21.36 2063.86 600.81
62.49 2055.27 1212.47
39.84 2060.95 397.98
41.70 2061.10 470.36
30.17 2060.01 709.61
29.86 2060.98 470.23
48.77 2063.38 259.80
49.57 2062.93 250.06
34.23 2060.29 550.63
36.64 2058.90 660.31
62.94 2061.54 332.98
66.24 2060.87 365.15
77.81 2061.11 263.82
78.78 2061.43 328.97
13.21 2063.29 590.27
12.79 2064.66 475.38
49.85 2062.08 355.38
60.19 2059.96 541.35
12.49 2063.86 597.94
16.08 2059.41 842.03
46.26 2061.51 387.50
50.73 2062.13 367.81
31.07 2060.10 686.19
37.77 2058.30 642.17
72.90 2060.19 393.08
83.70 2056.73 678.93
55.85 2060.45 455.94
57.63 2062.02 339.55
8.66 2063.61 604.12
10.54 2062.76 750.25
47.98 2062.83 343.07
48.89 2058.87 674.79
76.75 2061.14 264.31
78.34 2060.07 374.08
75.65 2060.60 321.96
71.16 2059.67 430.73
4.77 2064.27 561.44
10.18 2064.49 678.32
83.89 2059.43 405.54
88.62 2058.73 380.97
67.88 2061.05 318.15
74.55 2059.24 505.58
0.85 2065.12 361.66
1.01 2063.59 439.63
69.47 2059.31 399.94
71.05 2060.61 248.29
40.78 2060.40 439.06
43.46 2061.83 342.55
76.96 2055.91 802.85
87.66 2058.56 375.08
19.58 2064.17 497.46
20.67 2065.44 469.80
87.32 2060.01 337.18
87.03 2059.25 406.12
23.60 2063.16 428.78
20.15 2061.88 687.92
26.22 2061.62 462.25
31.94 2059.69 715.04
63.89 2061.00 428.23
10.21 2054.91 1457.54
20.84 2059.40 1036.45
63.88 2056.87 747.06
3.31 2062.98 574.96
7.59 2063.72 581.82
0.69 2060.43 755.71
5.72 2064.19 574.13
76.66 2059.19 472.39
70.44 2058.00 676.71
85.15 2059.61 418.72
85.98 2058.85 414.62
79.18 2058.31 615.44
87.35 2057.58 456.38
56.50 2055.38 1311.46
87.88 2052.56 1369.63
6.89 2062.95 646.77
10.91 2063.68 594.39
4.41 2063.18 599.02
2.76 2061.71 657.96
1.34 2061.59 656.28
22.36 2059.20 991.68
5.19 2062.60 638.81
5.60 2061.59 898.60
58.74 2058.22 759.50
71.48 2057.37 697.38
44.45 2061.91 338.56
48.20 2061.61 475.80
47.28 2060.90 523.86
45.23 2061.09 366.70
17.88 2062.92 689.90
19.15 2062.94 701.67
63.83 2059.75 482.21
69.53 2055.60 1176.92
64.85 2053.46 1419.93
87.46 2054.95 746.70
9.24 2064.54 674.96
9.23 2062.63 742.84
17.01 2061.87 700.37
7.74 2060.99 920.55
53.52 2061.49 354.94
67.40 2059.34 447.89
42.87 2060.82 447.99
51.17 2060.17 589.15
38.71 2059.18 599.00
46.08 2058.76 655.96
43.58 2059.62 493.00
43.09 2058.50 554.57
93.23 2056.70 608.53
90.67 2056.39 728.69
28.27 2059.21 678.52
42.79 2056.42 904.03
49.86 2060.04 649.39
53.60 2060.07 569.48
63.80 2055.48 1202.87
85.40 2056.60 654.63
17.32 2060.36 837.22
11.43 2057.77 1133.84
10.99 2061.66 888.32
0.64 2062.61 585.27
7.58 2049.48 1864.22
5.97 2058.87 1023.62
12.16 2061.26 816.57
88.29 2053.71 1007.59
86.04 2055.07 734.88
21.42 2062.52 584.28
13.01 2050.17 1861.01
8.70 2058.42 998.15
3.57 2060.42 817.43
14.88 2057.23 1124.94
25.14 2061.72 470.02
15.34 2063.62 594.87
15.62 2062.30 701.78
61.54 2060.25 634.35
12.36 2053.67 1569.66
52.44 2057.63 778.17
56.54 2057.83 659.73
39.75 2058.50 580.39
54.86 2059.53 617.65
38.35 2056.89 690.19
39.66 2057.06 723.02
32.24 2058.37 707.91
43.07 2055.26 947.49
40.67 2056.29 795.21
40.83 2059.07 569.58
66.31 2053.06 1400.86
23.02 2054.83 1375.42
44.84 2055.73 874.93
52.29 2059.31 630.51
48.10 2055.96 861.11
66.46 2056.71 698.60
69.50 2057.71 655.19
81.58 2058.42 547.60
8.90 2061.44 938.29
11.06 2055.90 1317.28
22.64 2062.01 586.22
18.84 2058.52 1041.43
11.27 2058.96 1011.92
5.02 2060.45 836.97
1.35 2059.14 889.70
2.80 2059.00 892.55
8.70 2055.66 1472.33
73.91 2058.03 607.15
14.57 2061.44 720.08
12.63 2057.14 1152.36
70.44 2059.06 410.39
66.27 2059.72 445.26
59.34 2060.90 416.76
83.53 2053.95 948.29
83.06 2058.14 538.02
80.40 2056.32 769.66
9.95 2060.73 924.09
12.36 2059.80 929.61
12.34 2055.94 1314.42
25.61 2059.62 639.06
13.71 2057.77 1167.52
66.24 2055.34 1271.28
13.24 2062.08 749.04
15.28 2051.95 1569.28
58.04 2060.95 413.41
57.54 2058.80 708.78
55.22 2058.16 639.55
13.15 2052.48 1615.13
80.49 2057.59 580.54
59.05 2052.03 1781.73
82.74 2055.24 856.87
88.03 2049.20 1781.60
3.54 2057.79 1014.05
14.48 2054.80 1402.68
70.41 2044.05 2232.66
6.05 2055.55 1345.47
67.15 2054.27 1225.38
49.31 2057.26 756.42
53.86 2049.63 1956.72
0.65 2056.84 1159.59
3.06 2056.31 1206.87
17.46 2054.81 1251.08
72.21 2059.37 419.79
16.12 2058.05 1077.41
71.37 2051.10 1854.96
62.25 2050.54 1967.85
66.15 2048.58 2082.97
26.60 2060.53 594.54
72.39 2054.85 1222.86
79.10 2055.76 780.69
29.41 2056.58 857.74
66.74 2051.62 1781.60
18.94 2055.16 1266.31
84.54 2043.62 1967.08
14.73 2060.06 829.37
73.73 2047.54 2167.50
73.30 2052.37 1483.95
81.29 2055.21 860.09
46.89 2045.67 2061.94
72.12 2053.34 1402.23
31.59 2046.83 2228.75
65.66 2050.75 1861.61
42.22 2054.34 1060.09
67.86 2058.44 539.02
91.17 2045.97 1871.53
17.15 2057.23 1121.82
51.28 2054.96 1091.41
47.38 2059.44 628.62
46.72 2056.22 839.71
42.70 2052.87 1260.86
54.72 2052.91 1457.81
50.05 2054.03 1128.81
51.10 2056.60 797.09
51.93 2052.55 1254.09
61.66 2054.16 1251.42
50.55 2052.58 1261.09
52.46 2054.07 1205.74
44.62 2053.90 1098.65
80.40 2054.01 1021.30
69.13 2060.11 345.28
54.10 2057.03 798.45
5.41 2050.64 1798.25
63.87 2052.59 1481.26
62.19 2058.19 813.89
14.93 2053.66 1435.27
10.81 2053.70 1611.95
17.05 2053.35 1408.58
15.24 2055.85 1156.65
68.94 2058.52 547.69
76.70 2054.53 1179.43
81.77 2052.03 1434.35
72.54 2058.13 646.68
79.10 2054.50 1063.41
7.37 2052.91 1638.61
4.06 2050.38 1797.98
0.66 2052.27 1642.44
5.50 2056.49 1249.53
13.60 2059.24 863.46
0.65 2058.17 935.60
43.20 2049.38 1738.86
10.57 2056.99 1155.01
59.72 2056.05 808.15
79.58 2050.80 1853.00
68.74 2054.27 1230.14
74.76 2052.64 1476.77
61.94 2056.33 819.39
40.87 2054.84 1082.55
44.13 2054.96 940.28
13.04 2054.92 1407.14
47.81 2053.29 1297.94
44.67 2056.91 863.62
41.82 2058.29 541.19
35.44 2056.78 739.99
39.68 2051.22 1657.90
23.25 2060.45 620.37
34.04 2056.61 750.35
67.64 2057.25 696.99
63.40 2050.41 1979.07
75.25 2054.08 1191.66
48.57 2043.16 2199.83
40.42 2052.36 1427.37
48.01 2048.99 1774.49
77.90 2053.74 1137.17
64.77 2054.79 1252.93
53.88 2054.24 1230.12
65.09 2059.01 473.99
74.67 2056.83 812.89
49.17 2049.05 1766.47
9.08 2057.11 1157.29
76.91 2058.07 719.63
78.05 2052.38 1525.36
19.25 2056.42 1215.60
52.70 2051.60 1411.30
62.53 2059.26 587.59
71.23 2055.89 1227.48
78.17 2057.65 705.20
70.89 2052.51 1463.45
80.57 2052.77 1488.36
1.63 2055.87 1207.09
5.26 2057.63 1019.27
4.65 2054.71 1350.30
4.11 2055.64 1239.65
1.64 2053.31 1594.50
19.92 2060.55 904.16
4.40 2053.44 1602.15
68.99 2049.97 2112.07
3.49 2049.22 1844.49
78.81 2049.90 2022.39
68.85 2056.78 700.36
77.07 2051.36 1679.40
27.49 2058.04 715.56
77.26 2047.84 2052.23
77.66 2049.98 2044.73
74.06 2055.33 1231.21
84.18 2051.70 1368.89
83.18 2049.55 1911.19
69.45 2052.78 1475.61
72.78 2051.10 1847.31
68.29 2051.34 1767.23
68.42 2048.76 2122.29
75.07 2047.77 2147.41
75.64 2051.43 1689.32
79.41 2051.90 1543.29
81.52 2050.77 1808.88
82.08 2049.84 1935.23
84.25 2050.40 1835.65
79.45 2049.07 1981.70
76.28 2045.85 2052.80
85.13 2053.90 933.13
83.01 2052.52 1380.81
81.24 2049.03 1958.65
80.49 2050.42 1843.11
76.91 2049.01 2078.22
86.00 2043.51 1961.81
70.64 2047.55 2207.76
80.34 2047.52 1962.60
74.90 2050.10 2083.58
75.58 2049.05 2085.17
73.50 2050.03 2090.85
72.83 2048.76 2191.83
83.34 2048.07 1906.44
86.77 2036.99 2020.83
71.38 2048.72 2191.30
68.54 2046.60 2170.24
73.44 2043.51 2127.63
86.87 2044.68 1924.56
86.19 2041.31 1992.66
82.39 2045.16 1970.63
72.67 2038.89 2115.53
79.34 2048.06 1987.06
72.96 2046.07 2224.13
89.59 2036.96 2013.55
84.60 2047.59 1894.93
85.46 2052.56 1321.18
80.41 2049.45 1974.44
81.27 2048.11 1940.26
88.11 2042.44 1960.07
82.26 2047.44 1923.53
81.79 2046.26 1976.64
83.94 2045.06 1961.92
79.43 2044.54 2036.85
88.64 2051.43 1576.95
84.94 2046.20 1914.13
85.56 2049.91 1823.25
83.51 2042.47 2001.39
87.37 2046.96 1870.33
88.66 2046.67 1863.96
86.56 2050.71 1755.78
78.34 2047.43 2018.33
87.05 2048.22 1835.74
82.15 2042.74 2008.53
92.81 2048.47 1801.47
89.58 2047.64 1833.35
85.76 2048.58 1853.04
92.54 2050.42 1696.91
89.26 2048.91 1771.36
90.24 2049.88 1720.52
86.53 2052.06 1351.51
91.37 2049.60 1718.71
93.43 2053.93 1109.59
87.75 2050.36 1721.97
89.91 2051.24 1560.65
91.01 2052.20 1459.87
89.67 2055.56 728.98
89.70 2054.21 1043.65
88.36 2056.02 685.68
70.64 2050.00 2113.42
69.33 2047.62 2197.42
67.44 2046.96 2147.99
71.32 2046.12 2238.79
66.75 2042.30 2194.15
86.41 2045.92 1906.92
70.41 2045.16 2278.62
68.23 2044.51 2297.74
89.64 2039.39 2001.53
80.49 2046.38 1982.48
81.78 2040.09 2030.05
70.05 2042.11 2176.23
80.04 2042.60 2038.82
83.68 2039.22 2020.85
81.21 2041.99 2026.40
80.24 2043.78 2023.83
75.07 2041.48 2107.76
68.94 2045.57 2294.33
66.40 2046.46 2118.32
65.47 2047.34 2025.02
66.34 2043.32 2350.22
67.05 2044.42 2302.25
66.16 2045.38 2190.95
71.56 2039.32 2121.85
71.03 2043.12 2165.10
72.93 2037.67 2104.46
75.40 2044.96 2108.82
78.47 2046.28 2017.00
81.63 2043.98 2018.08
72.53 2041.31 2134.23
73.87 2040.69 2124.05
71.42 2040.54 2147.86
81.24 2038.98 2051.11
7.45 2059.21 1031.84
92.40 2054.48 1067.41
10.04 2059.49 989.60
44.04 2052.73 1267.96
48.66 2054.37 1125.16
46.18 2051.95 1468.56
46.54 2053.29 1295.81
45.91 2055.24 891.67
45.83 2054.12 1108.96
44.88 2051.61 1516.42
48.28 2051.87 1326.99
45.86 2049.22 1885.95
46.13 2047.99 1900.74
44.66 2050.04 1714.69
47.13 2049.93 1864.78
41.93 2050.35 1776.97
43.10 2047.76 2404.89
31.34 2057.44 722.60
50.04 2050.16 1833.44
61.41 2049.62 2020.80
47.45 2047.86 1893.09
41.84 2051.91 1372.31
40.61 2047.47 2436.23
44.33 2046.54 2183.04
49.32 2046.57 1937.47
39.92 2053.81 1234.94
40.52 2049.91 1769.93
49.92 2047.87 1850.91
59.58 2045.33 1874.81
47.22 2041.04 2327.76
51.46 2049.58 1869.79
36.25 2055.62 797.17
40.02 2048.77 1959.52
45.60 2046.73 2130.23
39.84 2045.19 2085.80
37.57 2049.88 2089.75
38.25 2047.23 2355.94
27.87 2054.03 1365.87
51.30 2048.13 1854.25
45.21 2040.38 2284.98
48.00 2046.61 1951.16
49.63 2051.49 1340.99
63.28 2048.20 1921.94
47.23 2051.10 1401.14
47.00 2044.15 2186.15
45.61 2043.08 2121.67
44.09 2043.66 2125.86
59.00 2037.75 2161.55
42.15 2045.54 2210.68
46.32 2038.02 2244.45
65.00 2037.63 2151.22
64.91 2043.59 2365.73
45.88 2057.45 784.44
44.95 2059.81 476.75
41.75 2056.95 852.83
43.68 2057.31 905.20
14.14 2044.57 2198.23
0.98 2054.49 1406.19
3.08 2052.75 1604.97
4.08 2043.81 2097.92
3.11 2051.30 1778.70
8.70 2051.90 1662.31
1.17 2051.09 1785.31
2.18 2050.67 1785.71
2.95 2047.10 1982.47
11.95 2048.30 2047.21
11.14 2039.11 2240.77
10.94 2050.09 1882.35
12.81 2044.88 2186.17
12.57 2051.40 1748.36
2.39 2049.48 1841.15
9.89 2048.26 2006.68
0.75 2045.83 2027.13
19.22 2043.79 2338.08
16.42 2039.07 2299.52
35.63 2058.23 658.08
33.46 2057.96 691.21
18.57 2059.83 872.38
20.13 2058.30 1044.62
21.53 2056.56 1293.17
22.80 2057.62 1308.44
18.09 2051.05 1822.67
19.87 2049.46 2067.05
28.55 2049.82 2073.27
36.44 2043.71 2284.39
81.30 2059.80 389.31
79.17 2059.55 472.30
15.93 2053.02 1429.72
14.28 2052.58 1589.17
41.49 2043.28 2265.48
14.31 2049.57 1875.08
18.27 2057.47 1130.45
16.64 2055.82 1165.84
76.13 2056.95 811.91
78.17 2056.37 775.25
92.31 2040.38 1967.49
88.14 2044.54 1920.58
86.63 2042.44 1961.77
85.86 2038.91 2012.88
90.12 2043.66 1932.01
83.06 2037.93 2040.76
88.44 2041.29 1979.12
87.28 2040.59 1986.82
90.85 2037.53 2009.73
91.04 2042.75 1933.54
88.23 2037.59 2017.07
87.17 2039.47 2008.87
88.33 2038.82 2005.49
93.30 2037.97 2004.06
93.34 2041.27 1958.51
90.80 2038.73 2000.33
89.64 2040.74 1975.91
92.32 2036.93 2008.32
92.28 2039.17 1998.52
93.18 2044.22 1904.01
90.83 2041.30 1969.32
92.52 2042.88 1931.71
90.23 2045.04 1888.69
92.53 2045.76 1869.41
93.43 2052.51 1389.97
93.45 2049.77 1718.03
91.63 2048.39 1801.09
90.89 2053.60 1081.65
92.51 2051.67 1451.13
67.30 2048.35 2099.57
64.08 2047.11 1999.76
54.14 2045.73 1971.57
58.26 2043.46 2127.31
62.21 2045.20 2011.68
69.07 2040.15 2164.84
51.72 2045.81 1957.02
64.80 2044.84 2158.77
64.01 2049.34 2132.07
63.64 2045.69 2057.04
61.52 2051.70 1903.71
61.83 2048.35 1913.14
63.98 2042.63 2357.99
62.67 2042.78 2364.36
65.49 2049.48 2153.72
64.26 2051.32 1879.51
54.73 2050.67 1686.35
48.59 2037.00 2220.82
66.74 2040.20 2176.34
69.01 2043.64 2240.03
67.98 2040.65 2171.48
62.27 2052.84 1473.57
60.19 2050.03 2014.50
59.96 2054.55 1259.22
60.22 2051.40 1892.62
57.88 2051.26 1699.63
59.05 2049.30 2033.09
55.33 2045.33 1960.34
60.90 2046.05 1890.52
70.21 2041.00 2155.11
68.88 2042.59 2185.57
70.54 2038.64 2128.91
72.30 2042.79 2151.38
79.66 2040.67 2043.73
76.28 2037.51 2083.11
79.76 2037.67 2062.12
71.88 2036.96 2114.09
76.93 2039.60 2075.30
76.58 2040.96 2096.97
73.86 2039.49 2109.49
75.01 2036.87 2090.18
58.47 2045.89 1894.28
70.59 2037.50 2119.98
61.91 2043.87 2225.12
79.10 2041.78 2059.67
81.04 2040.95 2040.76
77.78 2042.05 2069.46
75.92 2038.71 2091.00
77.28 2043.41 2081.97
75.89 2043.66 2090.05
74.71 2038.77 2093.92
78.24 2039.15 2069.40
74.10 2037.57 2101.79
77.65 2037.00 2077.96
78.60 2037.75 2064.82
60.78 2047.43 1896.68
60.58 2043.46 2214.31
59.21 2047.97 1891.37
58.23 2047.15 1891.76
60.54 2042.32 2349.48
60.73 2040.23 2180.90
56.07 2048.29 1965.24
56.80 2047.23 1891.77
59.56 2044.08 2147.50
61.75 2041.83 2332.20
52.14 2047.21 1897.24
53.63 2047.22 1902.77
57.44 2045.34 1919.00
58.30 2042.22 2334.86
53.93 2040.04 2155.24
59.56 2041.70 2329.03
56.46 2039.38 2164.26
58.74 2039.82 2173.29
59.68 2040.66 2179.03
66.05 2036.94 2146.46
80.77 2036.92 2053.30
79.33 2039.68 2062.92
81.81 2037.81 2043.89
80.17 2038.84 2053.74
83.98 2037.04 2030.22
83.87 2041.27 2005.00
50.28 2045.44 1962.47
55.88 2043.97 2020.34
50.03 2043.82 2222.97
55.25 2042.79 2196.87
52.89 2044.91 1996.08
53.79 2042.64 2193.62
61.61 2038.65 2184.10
50.75 2040.50 2244.37
62.74 2040.21 2185.81
64.60 2041.28 2199.30
62.62 2039.10 2185.55
61.81 2040.78 2182.29
57.33 2041.45 2299.69
56.00 2041.59 2294.35
57.47 2037.15 2162.21
61.61 2037.54 2153.94
60.65 2039.20 2181.91
57.64 2040.09 2169.93
59.36 2038.88 2180.25
60.29 2036.96 2154.85
63.01 2036.94 2151.74
63.52 2038.68 2183.43
63.92 2037.62 2152.10
63.94 2040.33 2186.73
65.23 2038.86 2178.87
64.39 2039.33 2184.86
67.12 2037.91 2142.47
69.22 2036.90 2124.79
66.37 2039.14 2176.58
52.77 2043.64 2215.06
56.21 2037.98 2167.84
53.11 2041.20 2247.12
67.95 2041.98 2191.60
65.94 2041.24 2197.10
69.26 2039.01 2133.73
68.33 2037.87 2138.65
51.34 2042.93 2213.71
51.59 2041.39 2250.31
49.41 2040.65 2250.98
54.56 2037.20 2169.58
76.09 2047.03 2103.30
77.57 2045.52 2043.37
78.08 2044.37 2041.87
79.62 2045.77 2004.52
73.80 2044.91 2120.83
74.87 2042.82 2114.76
35.52 2052.16 1513.00
38.29 2051.32 1685.63
32.80 2047.39 2230.38
38.46 2048.64 1963.80
35.35 2048.76 2036.82
41.21 2044.67 2088.11
37.60 2052.75 1401.10
36.21 2049.90 2141.03
38.49 2054.11 1263.91
31.29 2051.12 1982.38
31.65 2049.67 1872.59
30.43 2045.24 2310.27
34.13 2046.40 2219.16
37.81 2037.70 2363.69
32.83 2048.96 1863.51
36.99 2046.41 2236.65
35.53 2047.19 2195.32
38.85 2044.26 2166.51
25.09 2054.77 1390.04
27.56 2048.25 2165.88
32.35 2044.52 2306.97
37.32 2044.75 2179.00
45.95 2041.56 2345.18
42.64 2036.99 2300.90
33.97 2049.55 1994.56
30.35 2047.71 2212.33
35.44 2051.06 2006.95
32.29 2055.07 979.62
29.41 2047.03 2216.61
25.37 2049.28 2014.84
34.13 2050.79 2077.74
30.18 2055.59 927.43
30.38 2048.97 1985.92
30.26 2043.96 2387.57
29.22 2052.12 1896.30
27.83 2049.27 2083.39
24.31 2046.50 2327.93
28.60 2041.80 2438.77
23.91 2055.43 1418.97
25.58 2051.49 1769.93
25.15 2053.60 1674.51
28.25 2047.23 2215.46
52.53 2050.18 1924.42
54.42 2048.34 1955.91
56.65 2049.52 2031.40
55.87 2050.61 1717.49
57.91 2049.90 2038.44
56.65 2051.62 1603.01
56.16 2052.80 1473.83
54.07 2051.79 1435.71
57.13 2053.98 1268.22
54.69 2055.54 1203.71
3.55 2046.06 2023.81
15.14 2045.51 2222.98
0.51 2049.69 1819.93
1.62 2047.30 1981.70
3.80 2048.18 1955.50
1.38 2048.64 1842.06
25.25 2057.20 1112.41
24.62 2060.43 610.51
23.97 2056.95 1204.82
20.38 2057.04 1247.18
23.06 2053.49 1513.16
27.33 2055.38 1081.13
21.52 2051.83 1598.86
23.63 2050.84 1761.65
24.01 2052.92 1595.35
27.18 2052.81 1784.01
24.28 2051.71 1760.08
26.08 2052.69 1766.18
22.03 2049.50 2029.72
26.13 2050.42 1998.43
27.84 2050.80 2011.66
29.25 2053.52 1337.48
23.24 2047.44 2339.99
24.17 2049.48 2003.23
22.33 2050.80 1749.33
23.25 2048.71 2047.56
21.94 2053.09 1475.08
19.50 2050.60 1806.89
21.85 2045.63 2312.17
25.63 2046.81 2315.47
21.09 2054.24 1334.40
18.08 2052.43 1461.46
20.22 2051.71 1594.14
19.40 2052.83 1469.45
15.52 2050.56 1948.97
19.81 2047.22 2311.66
18.63 2045.25 2286.11
24.61 2042.82 2401.88
21.43 2043.11 2373.15
26.29 2044.32 2457.03
21.99 2046.91 2356.91
22.81 2044.75 2367.91
21.03 2047.66 2328.12
17.45 2045.64 2275.05
21.06 2048.99 2067.72
19.03 2048.28 2209.99
16.28 2043.41 2254.09
16.83 2047.18 2170.21
19.85 2054.10 1312.55
21.81 2055.28 1356.29
30.08 2057.84 730.67
30.19 2054.22 1251.46
29.59 2059.07 673.89
25.96 2058.31 732.32
31.59 2053.71 1266.08
31.41 2056.11 941.79
32.15 2052.27 1675.58
34.43 2054.11 1054.57
25.97 2055.67 1136.99
28.15 2056.63 839.65
34.32 2052.89 1546.71
33.50 2052.00 1671.38
88.97 2045.50 1893.40
88.74 2043.38 1933.87
90.82 2047.40 1830.05
93.35 2047.27 1832.79
57.25 2044.16 2022.21
56.39 2046.06 1935.21
55.37 2040.28 2156.43
53.37 2038.35 2175.22
49.87 2038.68 2187.91
51.96 2038.09 2179.43
37.74 2055.64 805.29
36.33 2052.98 1399.93
33.55 2055.24 978.97
35.73 2054.32 1068.19
33.82 2044.76 2298.69
27.38 2041.27 2432.87
41.82 2047.04 2426.25
39.57 2046.49 2362.29
39.07 2039.52 2337.62
46.10 2039.38 2250.36
43.90 2037.83 2283.13
43.62 2045.18 2224.60
30.69 2041.05 2460.19
34.61 2042.11 2508.82
29.46 2049.87 2075.88
27.12 2050.25 2011.30
29.98 2051.22 1955.91
28.00 2051.74 1894.07
11.20 2051.29 1736.93
11.98 2049.38 1898.25
10.24 2052.39 1653.49
8.61 2050.26 1859.58
11.06 2046.49 2091.60
17.02 2050.03 1961.26
6.76 2046.29 2050.40
1.61 2044.33 2066.53
15.30 2046.96 2169.34
17.59 2048.39 2189.87
7.83 2048.12 1981.84
10.10 2045.73 2086.04
5.62 2045.72 2045.18
11.64 2043.71 2172.27
14.79 2043.14 2249.42
10.92 2047.71 2028.43
9.88 2049.56 1877.18
6.26 2049.57 1859.84
4.85 2047.74 1960.66
12.81 2040.35 2253.18
13.02 2041.78 2242.15
17.10 2041.15 2300.04
14.25 2047.89 2121.85
12.92 2047.41 2099.84
12.35 2046.22 2097.29
16.42 2044.78 2244.55
18.60 2039.36 2317.46
14.26 2042.02 2247.23
20.70 2040.87 2329.27
19.32 2041.42 2321.47
19.00 2036.96 2312.85
11.87 2042.37 2231.35
16.11 2040.37 2283.97
9.15 2040.14 2219.77
11.69 2040.11 2248.39
18.37 2040.54 2308.21
18.68 2042.74 2287.54
15.52 2037.90 2284.95
17.21 2042.54 2279.87
14.91 2040.72 2276.13
7.78 2044.29 2130.88
20.55 2043.91 2349.99
7.77 2040.31 2217.74
10.32 2036.97 2249.13
3.08 2044.76 2070.41
5.17 2041.72 2174.02
17.63 2038.68 2304.97
22.24 2038.19 2347.30
19.79 2038.80 2324.54
24.96 2044.10 2444.94
21.63 2041.66 2349.78
20.11 2037.57 2324.70
20.76 2045.22 2293.02
19.68 2046.06 2266.50
0.67 2040.98 2173.78
5.45 2044.42 2104.10
2.54 2039.55 2194.99
3.94 2042.55 2164.05
6.41 2042.23 2177.30
7.83 2045.62 2065.97
10.94 2041.36 2222.80
9.21 2037.89 2237.98
13.84 2039.73 2263.35
13.01 2037.22 2264.74
14.15 2038.21 2279.30
16.35 2036.91 2299.95
17.72 2037.51 2305.65
22.98 2041.35 2355.68
24.03 2045.09 2404.27
25.16 2040.51 2384.48
28.43 2043.10 2478.33
22.61 2043.55 2385.01
23.47 2042.61 2395.55
28.16 2037.06 2388.22
26.05 2039.69 2393.91
25.46 2041.86 2417.49
27.84 2045.89 2319.13
34.96 2039.17 2384.43
27.06 2043.28 2474.05
26.58 2042.11 2423.81
29.11 2043.94 2398.20
26.10 2038.16 2376.81
29.40 2041.06 2454.07
23.82 2040.21 2377.60
35.10 2037.75 2384.13
30.90 2037.03 2391.58
27.34 2037.97 2380.76
28.97 2039.70 2410.86
23.57 2038.48 2357.06
29.69 2037.73 2390.32
27.15 2040.19 2399.63
27.94 2039.37 2406.91
21.67 2036.97 2328.05
24.96 2037.26 2366.88
20.94 2039.43 2336.23
6.90 2036.92 2223.30
2.86 2041.78 2164.00
0.86 2043.04 2122.07
1.57 2037.10 2204.22
1.53 2041.99 2161.65
4.69 2040.47 2192.01
0.59 2038.36 2200.72
3.28 2040.49 2190.99
5.37 2039.35 2211.58
6.90 2039.28 2213.95
4.95 2036.92 2221.98
1.26 2039.83 2194.78
4.26 2037.90 2208.84
7.75 2037.83 2234.66
9.00 2043.52 2148.17
9.79 2041.34 2218.71
6.54 2043.66 2123.31
8.88 2042.24 2194.38
7.53 2041.58 2188.69
10.23 2044.29 2158.69
8.93 2046.29 2073.16
2.84 2038.08 2206.35
26.09 2048.09 2166.81
26.69 2045.62 2328.57
48.45 2041.56 2309.43
47.20 2039.85 2237.99
42.90 2042.62 2245.08
48.04 2039.12 2212.91
39.24 2042.97 2345.57
44.07 2040.26 2292.29
45.33 2037.20 2272.39
43.00 2041.26 2337.01
41.75 2040.52 2348.21
40.67 2041.11 2368.18
37.16 2042.17 2481.62
41.50 2038.08 2320.66
43.51 2039.07 2284.24
49.02 2039.41 2203.15
51.20 2036.94 2201.47
51.01 2039.20 2181.94
47.63 2037.82 2238.34
49.85 2037.58 2209.80
34.87 2043.66 2292.72
36.13 2041.28 2491.97
36.32 2039.91 2361.97
39.34 2040.71 2370.76
33.52 2039.86 2398.19
40.20 2038.09 2329.84
32.26 2039.11 2408.10
31.04 2039.66 2412.39
33.36 2041.42 2504.57
36.62 2037.06 2376.87
31.75 2042.06 2509.43
33.74 2037.05 2388.73
37.65 2039.13 2349.31
39.38 2037.00 2356.80
29.89 2038.97 2411.46
32.33 2037.73 2391.57
31.46 2045.60 2301.67
31.44 2043.40 2375.99
29.63 2045.79 2309.53
28.71 2045.16 2320.00
5.82 2048.23 1960.11
4.72 2046.43 2027.10
8.86 2047.59 1998.06
6.82 2047.48 1976.66
11.58 2037.83 2258.34
9.74 2039.17 2238.98
40.51 2042.51 2334.31
38.42 2041.93 2472.64
5.79 2052.25 1639.00
7.38 2054.94 1361.94
62.78 2057.25 775.85
59.90 2058.69 806.22
58.60 2056.75 749.77
60.91 2057.90 817.64
57.24 2056.54 767.92
58.79 2053.56 1301.41
85.56 2037.66 2027.05
85.11 2040.85 1999.42
82.97 2040.22 2026.79
84.90 2039.58 2018.15
42.09 2039.32 2286.35
