x z velocity
42.92 2038.94 561.27
43.70 2038.85 449.78
75.06 2035.26 529.77
42.29 2039.03 650.97
63.65 2038.20 295.34
39.99 2038.77 436.50
43.29 2038.62 495.65
36.25 2038.49 1319.68
19.85 2040.54 212.11
42.55 2038.79 584.25
12.09 2040.22 149.36
44.37 2039.00 487.38
44.69 2038.84 513.71
18.37 2040.78 222.94
29.97 2039.79 157.30
45.99 2038.77 687.88
77.25 2035.37 531.97
46.33 2039.01 661.88
47.67 2039.04 719.66
30.53 2039.65 166.49
45.66 2038.94 643.58
56.68 2038.66 422.53
48.28 2039.03 674.97
69.44 2035.73 582.67
37.66 2039.06 335.30
38.66 2038.92 344.01
33.67 2039.53 178.67
117.93 2035.05 248.01
43.59 2037.41 623.35
35.67 2039.15 1826.82
85.55 2033.99 457.15
36.02 2038.93 2417.84
36.35 2039.24 1730.94
32.56 2038.96 194.53
54.58 2038.79 470.36
36.67 2039.04 1265.17
102.34 2034.95 373.70
51.33 2038.83 572.52
49.97 2038.69 499.11
138.50 2033.56 173.66
114.07 2034.56 251.52
48.93 2038.91 547.94
97.83 2034.53 395.36
50.33 2038.91 500.85
49.64 2039.00 481.92
111.52 2033.79 231.33
128.75 2035.20 157.01
39.30 2038.81 392.55
38.98 2039.09 360.80
79.91 2035.01 311.43
51.65 2039.02 608.72
34.90 2039.32 516.36
65.59 2037.64 378.46
62.01 2038.16 205.94
111.60 2032.75 310.08
136.22 2033.82 184.76
64.45 2037.83 329.07
65.12 2037.49 382.18
110.00 2034.38 134.76
82.56 2034.75 3997.15
105.34 2034.42 201.84
64.26 2038.10 300.53
9.65 2041.26 168.81
67.29 2037.34 426.13
67.62 2037.43 430.21
52.72 2038.68 816.74
92.20 2033.69 462.20
65.95 2037.33 370.81
76.96 2035.65 614.98
66.70 2037.38 383.90
66.36 2037.60 363.79
1.70 2042.18 181.82
61.32 2038.20 231.64
68.24 2037.17 440.72
60.97 2038.55 365.81
25.92 2040.13 188.55
63.60 2036.07 1548.37
55.72 2038.85 461.36
54.94 2038.93 473.51
63.90 2038.02 308.27
47.96 2038.87 710.65
63.80 2037.70 410.78
36.68 2038.62 1167.58
56.07 2038.69 468.30
54.30 2039.03 435.95
37.30 2037.99 525.23
70.52 2036.51 447.21
55.33 2038.63 480.45
48.27 2038.36 708.01
58.26 2038.74 255.72
56.34 2038.97 442.74
47.01 2038.95 666.21
32.09 2038.96 203.44
57.00 2038.79 389.92
33.94 2039.35 183.05
58.58 2038.52 334.89
57.65 2038.90 320.19
44.74 2038.45 556.67
45.39 2037.97 800.61
58.98 2038.73 400.48
61.68 2038.33 190.31
66.05 2036.73 661.24
97.02 2034.46 394.94
71.20 2034.52 566.62
70.25 2036.83 432.11
41.02 2038.95 669.73
74.01 2035.83 472.21
20.28 2039.75 260.58
12.33 2041.05 116.99
71.56 2035.53 547.93
102.93 2034.35 373.71
10.53 2040.97 123.55
11.22 2040.75 117.80
94.98 2035.19 362.53
119.03 2033.99 276.61
10.29 2041.24 129.91
49.99 2037.66 717.33
15.65 2040.87 199.59
15.98 2040.68 202.40
45.14 2038.39 582.11
126.00 2035.37 205.90
13.46 2040.67 128.90
54.36 2038.44 551.47
14.98 2041.01 188.21
13.03 2040.92 123.51
41.98 2038.89 675.38
116.38 2035.00 251.25
13.76 2040.98 138.91
11.98 2040.73 117.11
46.67 2038.78 669.30
3.81 2041.11 282.90
92.81 2034.40 371.02
80.59 2034.88 1013.88
112.09 2034.33 203.82
69.00 2037.08 449.32
85.14 2033.25 557.18
57.33 2038.64 361.03
99.23 2033.58 426.26
27.16 2039.53 363.72
68.57 2036.87 454.39
2.14 2042.14 194.23
30.46 2038.90 275.91
135.65 2034.49 165.83
16.99 2040.15 245.13
9.59 2039.88 303.35
118.52 2034.43 263.36
134.31 2034.73 142.39
1.00 2042.16 156.82
100.99 2035.01 378.95
2.25 2041.77 226.91
4.94 2041.62 237.75
136.89 2033.33 213.53
105.21 2034.00 290.55
18.71 2040.62 223.60
4.55 2041.46 239.97
99.68 2034.48 385.39
33.00 2039.53 168.37
8.63 2041.13 192.17
95.26 2034.96 367.96
26.98 2040.23 282.22
16.63 2040.71 214.02
88.58 2034.61 300.68
26.28 2040.23 230.62
26.59 2040.02 279.36
105.41 2033.55 326.34
97.67 2035.18 383.99
20.43 2039.20 381.27
34.21 2038.85 233.74
66.93 2036.05 762.03
34.50 2039.20 420.51
31.97 2039.39 155.43
62.32 2038.42 222.45
7.00 2041.50 218.24
30.29 2039.91 159.51
55.19 2038.07 719.39
30.91 2039.76 166.85
31.22 2039.44 168.34
15.30 2040.74 197.96
24.29 2039.56 163.16
31.64 2039.62 162.84
28.28 2039.97 269.61
139.96 2032.55 215.76
62.96 2038.23 263.85
20.23 2040.67 208.77
21.00 2040.50 208.14
37.31 2038.91 489.09
29.04 2039.96 219.87
16.33 2040.91 207.87
38.35 2039.12 325.18
20.56 2040.29 210.01
17.63 2040.75 220.43
34.99 2038.36 580.82
43.08 2038.02 668.78
19.62 2040.79 218.19
25.03 2040.45 123.13
24.08 2040.12 114.13
117.35 2035.07 249.19
51.97 2038.72 721.06
31.02 2038.92 276.06
21.65 2040.66 199.94
45.32 2038.77 606.06
22.58 2040.24 126.83
22.26 2040.49 138.37
32.66 2039.37 162.26
46.10 2038.41 813.69
23.68 2040.37 113.25
25.64 2040.40 144.16
40.69 2038.77 625.51
126.61 2035.31 196.92
35.24 2038.95 1291.98
34.27 2039.47 209.47
61.06 2037.85 650.05
62.29 2037.89 257.91
84.78 2033.56 685.93
87.39 2034.65 254.04
87.04 2034.81 244.06
7.96 2041.17 201.83
104.30 2034.66 278.51
104.63 2034.43 255.79
103.57 2034.79 325.99
131.48 2033.68 214.42
64.13 2037.55 390.95
12.70 2040.70 121.09
44.07 2038.67 441.23
79.63 2035.24 273.45
106.97 2034.62 121.00
107.65 2034.49 118.78
32.33 2039.64 151.04
36.98 2039.21 876.55
104.99 2034.71 228.63
35.42 2037.69 978.49
106.65 2034.45 126.24
105.68 2034.59 179.81
57.92 2038.64 265.75
53.07 2038.98 653.09
87.69 2034.92 264.65
103.62 2033.92 378.57
18.00 2040.52 221.38
64.86 2037.89 335.69
86.69 2034.56 243.39
86.32 2034.83 236.37
10.91 2041.11 119.64
83.65 2034.94 3995.25
74.98 2035.95 533.98
39.65 2038.97 411.67
52.32 2038.91 799.67
88.34 2034.23 336.63
102.95 2034.91 356.01
88.30 2034.93 294.12
85.29 2034.65 332.21
89.35 2034.53 294.11
88.95 2034.80 298.03
89.73 2034.87 298.98
47.90 2038.49 703.09
44.34 2038.29 519.09
91.00 2034.99 307.91
22.98 2040.52 118.87
99.64 2035.12 380.65
103.19 2034.67 333.07
37.10 2038.50 988.92
84.98 2034.88 725.92
110.31 2034.57 145.35
100.61 2034.76 376.53
98.34 2035.09 385.37
135.87 2033.95 183.60
81.67 2035.09 3848.53
140.35 2033.52 127.84
136.27 2034.39 171.06
16.96 2040.88 216.23
74.65 2035.83 493.37
133.98 2034.49 137.48
137.18 2033.83 183.99
19.56 2040.21 234.35
136.49 2034.12 179.59
16.15 2040.22 242.73
109.69 2034.56 123.10
136.32 2033.39 213.46
140.04 2033.34 141.17
84.61 2034.67 1826.54
9.94 2041.06 142.40
72.22 2034.97 500.96
138.29 2033.97 178.17
78.95 2035.34 274.06
138.88 2033.64 170.29
139.70 2033.58 149.77
14.37 2041.04 176.64
8.32 2041.36 197.62
137.91 2033.75 179.65
108.33 2034.55 115.91
13.71 2040.08 193.60
118.28 2035.22 248.82
136.89 2034.19 180.13
110.99 2034.49 171.50
48.55 2038.74 590.10
41.95 2038.55 676.86
111.69 2034.60 194.99
60.34 2038.63 670.39
113.41 2034.58 247.64
112.40 2034.57 222.04
41.68 2039.04 699.73
111.35 2034.28 182.99
69.87 2036.00 557.08
132.91 2034.87 121.92
133.24 2034.53 131.16
87.59 2034.27 308.62
83.96 2034.71 3902.01
11.00 2040.13 182.06
114.38 2034.77 251.48
128.76 2034.41 184.58
114.76 2034.63 251.55
115.05 2034.92 250.25
61.06 2037.21 665.20
14.71 2040.55 212.99
113.69 2034.79 252.06
133.67 2034.69 131.24
110.64 2034.28 162.13
18.80 2039.51 292.88
108.68 2034.28 118.40
80.28 2035.19 293.91
89.45 2033.88 371.19
42.31 2038.46 673.44
57.67 2037.88 947.51
92.08 2034.73 339.39
39.03 2037.35 691.26
57.06 2037.36 948.68
75.99 2035.53 557.76
56.40 2038.39 525.48
12.60 2040.21 149.21
92.73 2034.87 344.64
69.36 2036.49 540.94
23.15 2039.69 170.97
92.38 2035.05 343.53
100.29 2034.98 374.70
68.79 2034.89 747.06
138.13 2033.34 181.97
95.61 2035.12 368.94
112.03 2033.82 234.66
96.37 2035.04 374.80
93.72 2035.03 344.43
133.01 2033.99 187.96
97.04 2035.18 380.76
91.37 2034.71 317.61
91.70 2034.91 327.28
81.95 2034.90 3990.05
96.29 2033.66 439.53
71.97 2036.22 470.91
72.32 2036.39 471.50
95.99 2034.81 371.14
44.99 2039.01 554.72
70.94 2036.64 442.07
110.01 2033.93 181.17
69.73 2036.42 530.64
71.25 2036.33 472.84
40.34 2039.03 531.92
137.62 2033.97 182.22
71.64 2036.51 466.69
9.94 2040.66 188.66
75.66 2035.74 547.68
73.31 2035.94 484.62
11.64 2040.98 115.23
21.92 2040.34 154.43
81.89 2034.52 3859.07
33.87 2038.98 219.81
81.47 2032.71 796.53
74.34 2036.06 498.96
79.85 2034.53 766.75
103.87 2034.46 293.67
71.69 2034.98 495.33
82.28 2034.38 3913.72
27.26 2040.01 286.90
121.42 2034.49 282.62
73.11 2035.52 435.82
135.26 2034.25 162.88
97.37 2035.01 382.51
99.32 2034.98 382.10
23.35 2039.14 228.96
132.28 2035.05 116.04
87.96 2034.37 322.63
118.66 2035.00 252.98
107.28 2034.32 121.56
115.40 2034.79 249.87
96.74 2034.86 377.94
60.65 2038.42 481.11
128.39 2035.38 159.80
117.65 2035.24 248.44
54.01 2038.53 577.66
104.73 2034.00 293.82
119.05 2035.25 255.90
59.67 2038.60 714.08
126.96 2035.50 192.69
129.02 2035.41 149.24
119.66 2035.45 260.62
53.70 2039.05 452.64
129.32 2035.22 144.10
84.30 2034.89 3554.40
122.36 2033.94 312.51
121.62 2035.48 270.49
120.27 2035.37 265.94
94.68 2035.03 360.09
109.02 2034.47 117.69
122.61 2035.12 270.23
120.57 2035.20 269.00
125.02 2035.45 229.45
122.99 2035.36 265.03
122.29 2035.51 271.37
132.52 2034.78 121.94
119.93 2035.21 263.89
99.92 2034.84 377.26
127.65 2035.34 178.56
127.28 2035.15 185.16
58.64 2038.07 686.93
62.61 2038.15 253.82
40.12 2038.37 657.75
123.35 2035.15 259.53
59.42 2037.56 978.52
124.02 2035.37 244.16
123.69 2035.57 250.06
38.65 2038.49 356.21
60.61 2038.04 681.81
126.31 2035.54 201.92
128.04 2035.07 166.58
28.65 2039.68 252.61
59.32 2038.44 560.99
112.38 2033.40 260.34
130.27 2035.15 124.95
67.00 2037.56 401.56
14.13 2040.82 146.86
70.31 2036.00 553.82
107.97 2034.28 118.91
57.59 2038.38 357.74
27.89 2039.81 278.36
10.31 2040.57 176.33
3.62 2041.88 220.93
18.63 2039.94 262.04
4.27 2041.80 233.46
24.45 2036.54 1300.53
90.70 2034.79 305.56
93.40 2034.83 342.10
19.01 2040.82 221.72
19.23 2040.32 236.21
24.41 2040.42 111.44
25.32 2039.97 135.14
25.69 2039.83 146.89
30.28 2039.31 176.13
26.72 2039.52 343.76
27.61 2040.16 284.73
24.82 2039.53 161.61
25.34 2040.29 133.06
21.32 2040.32 206.60
21.58 2040.00 218.27
22.63 2039.74 176.94
23.32 2040.17 116.75
90.10 2034.69 306.85
90.74 2034.31 346.50
93.66 2033.85 410.20
95.06 2034.61 377.17
92.39 2034.27 379.79
93.01 2035.08 342.74
85.91 2034.19 388.79
90.37 2034.97 306.24
82.94 2034.89 3998.03
85.65 2034.86 209.49
84.57 2034.26 1363.35
85.96 2034.61 234.14
72.75 2034.51 544.08
79.13 2034.71 535.23
76.34 2035.74 624.23
87.86 2033.35 385.42
107.04 2033.89 166.91
110.42 2033.82 187.08
106.34 2034.65 130.63
106.63 2034.01 171.98
101.68 2034.89 383.31
102.62 2034.79 363.57
132.92 2032.74 305.45
140.69 2033.25 125.56
139.24 2033.31 159.59
139.29 2031.42 367.07
134.94 2034.47 156.24
135.93 2034.29 169.60
129.70 2034.11 197.70
136.67 2032.14 296.33
134.25 2034.14 156.14
134.58 2034.38 153.63
131.03 2035.13 116.78
130.64 2034.88 121.61
116.32 2033.93 265.16
117.74 2034.72 253.64
115.07 2034.22 256.01
115.68 2034.99 248.34
113.06 2034.73 244.83
113.50 2034.15 246.87
109.38 2034.29 121.52
109.60 2033.84 178.15
99.01 2035.15 383.38
99.29 2034.61 388.54
98.09 2034.07 422.69
102.59 2034.45 382.01
100.70 2034.32 392.21
101.34 2034.72 382.30
97.42 2034.61 394.65
98.01 2034.93 385.57
94.36 2035.17 357.31
94.70 2034.68 375.72
86.86 2032.98 505.78
84.89 2034.02 809.88
78.59 2035.22 298.31
83.85 2034.22 2737.21
120.97 2035.48 269.44
121.86 2034.74 281.26
127.23 2034.06 255.67
126.58 2034.80 215.07
123.60 2034.68 260.69
124.32 2035.59 239.11
119.38 2035.15 257.67
119.64 2034.92 261.93
120.64 2034.74 282.04
121.91 2035.26 270.63
117.03 2035.17 249.55
117.38 2034.75 253.42
129.29 2034.87 156.56
132.25 2034.44 134.27
128.21 2034.48 189.99
129.63 2035.35 139.92
125.68 2035.59 216.81
125.95 2035.00 223.78
41.37 2038.79 682.66
42.47 2038.00 688.06
39.34 2037.91 595.46
46.56 2038.42 809.73
47.35 2038.80 680.76
47.51 2038.42 722.94
54.59 2038.01 735.69
54.00 2038.89 421.11
51.01 2039.02 540.18
51.31 2038.35 637.49
49.23 2038.69 516.14
49.27 2038.21 682.50
45.90 2038.00 842.66
63.56 2036.79 594.58
33.34 2039.34 175.25
34.36 2038.38 534.01
31.35 2038.46 364.58
40.60 2038.37 659.92
29.68 2039.97 175.44
29.94 2039.42 184.96
38.01 2038.86 234.97
38.23 2038.42 340.69
40.42 2037.51 663.17
39.07 2038.38 372.38
66.61 2036.61 639.37
67.21 2037.00 513.36
66.85 2036.99 521.10
67.86 2037.09 449.14
64.75 2036.98 503.02
69.85 2033.17 812.09
63.27 2038.04 289.30
64.17 2037.11 522.20
55.27 2036.76 1091.96
62.44 2037.34 624.76
60.01 2038.40 950.80
60.20 2037.99 649.35
83.26 2034.67 3995.19
78.01 2034.87 479.28
81.31 2034.85 3201.46
76.18 2035.14 572.51
69.64 2037.01 457.70
69.10 2036.13 610.98
53.43 2038.82 603.04
53.46 2038.07 881.49
51.73 2038.24 663.70
47.72 2037.41 802.74
19.67 2039.80 264.09
19.29 2040.66 220.14
16.58 2040.27 242.48
17.26 2040.58 221.28
14.25 2040.06 204.79
14.69 2040.88 182.99
8.98 2041.31 185.65
29.58 2038.44 527.66
24.77 2040.25 113.39
15.21 2039.94 253.27
106.02 2034.39 157.06
108.08 2033.86 163.54
106.22 2033.94 181.63
102.02 2034.72 384.55
103.06 2033.92 385.41
99.82 2033.91 423.45
105.95 2033.50 308.95
131.68 2035.13 114.41
3.28 2041.73 222.36
131.91 2034.57 131.65
115.48 2034.35 255.11
116.07 2034.79 247.49
112.79 2034.42 228.89
113.10 2034.01 245.13
108.57 2033.86 161.56
117.52 2033.88 269.46
98.69 2034.92 385.29
98.89 2034.54 391.49
95.83 2034.23 399.57
93.26 2034.34 367.75
94.08 2034.89 351.40
95.26 2034.19 399.80
91.12 2032.96 546.89
94.85 2033.72 418.27
85.75 2032.23 482.54
66.62 2035.51 1157.24
83.38 2034.17 2896.68
85.99 2033.41 491.57
76.60 2035.19 571.37
90.15 2029.03 941.01
73.66 2036.07 487.88
74.61 2034.23 595.03
121.26 2035.26 270.58
121.11 2034.79 281.63
124.05 2034.89 255.84
124.68 2035.25 234.81
116.75 2034.89 251.20
117.95 2034.33 262.30
115.92 2034.33 254.98
126.14 2033.63 294.84
132.41 2034.01 188.42
131.96 2034.94 115.89
127.03 2034.65 214.02
135.87 2033.01 223.73
128.94 2034.82 159.52
129.91 2035.03 131.39
125.37 2035.26 225.40
126.24 2034.66 217.55
122.33 2034.59 280.22
126.04 2034.28 263.63
41.57 2038.45 680.30
41.38 2037.94 706.60
42.05 2036.75 961.42
53.72 2037.61 909.90
50.67 2038.72 523.40
50.89 2038.24 620.44
33.48 2038.95 219.44
33.27 2038.64 245.98
29.39 2039.77 203.43
29.34 2038.96 462.62
25.75 2039.35 219.35
33.93 2037.95 529.61
34.05 2037.20 1823.71
41.93 2037.58 727.57
72.98 2036.29 478.39
69.89 2036.74 444.01
71.95 2035.77 516.37
67.56 2036.78 503.18
63.39 2037.68 424.06
63.11 2037.21 604.50
59.16 2038.00 696.71
59.98 2037.57 840.20
81.47 2034.45 3786.27
81.71 2033.44 2042.26
72.64 2036.14 474.38
70.55 2034.87 583.16
69.31 2036.85 466.42
67.52 2036.21 719.33
85.24 2034.21 596.58
95.31 2031.57 638.67
53.66 2038.46 639.64
52.89 2038.14 864.49
15.09 2040.43 213.45
19.38 2038.85 385.09
11.33 2039.58 203.49
15.82 2039.79 259.44
9.30 2041.08 177.09
13.40 2039.55 210.99
11.89 2039.68 197.54
7.65 2041.41 208.45
10.47 2040.11 189.84
18.88 2040.27 238.14
18.10 2040.03 266.51
24.33 2038.33 466.33
27.57 2039.36 404.08
26.33 2039.13 255.22
27.72 2038.81 744.01
91.18 2034.22 355.89
88.37 2033.63 390.68
83.98 2033.05 698.02
86.21 2033.87 365.35
82.28 2035.05 3998.15
75.30 2034.64 590.91
87.46 2033.85 327.84
82.97 2033.64 2138.89
81.16 2030.91 588.78
82.34 2033.79 2233.59
104.54 2033.51 362.80
108.79 2033.39 213.95
102.21 2034.36 389.37
102.02 2033.83 411.28
141.37 2031.92 235.21
141.01 2033.34 120.57
135.42 2033.87 184.37
135.31 2033.36 222.72
131.37 2034.93 116.54
131.28 2034.17 155.52
127.88 2033.95 247.61
134.10 2033.52 230.75
113.93 2034.11 248.54
114.05 2033.09 285.54
114.24 2033.71 266.47
112.97 2033.51 263.14
95.08 2033.09 494.69
101.20 2034.30 393.08
94.33 2034.55 375.61
94.27 2034.01 413.14
65.48 2034.93 1185.29
77.62 2035.47 503.94
117.73 2033.09 312.72
124.49 2034.78 256.23
123.54 2034.00 315.87
124.67 2034.20 289.30
117.00 2034.60 253.95
116.94 2034.12 267.23
129.15 2033.88 203.33
129.65 2034.69 153.66
125.55 2034.89 228.53
125.21 2034.07 286.02
49.79 2038.20 672.09
46.33 2037.66 882.30
29.58 2039.37 203.07
28.76 2039.07 517.59
76.99 2035.04 565.87
60.18 2035.65 1336.01
68.62 2036.28 634.69
56.90 2033.07 1049.76
14.38 2040.48 200.51
14.71 2039.64 261.49
9.26 2040.65 224.81
8.00 2039.68 325.29
8.60 2040.74 229.57
5.64 2041.63 227.68
9.60 2040.42 224.47
24.98 2039.92 133.00
25.23 2039.10 211.77
90.35 2034.22 341.29
86.63 2034.03 338.21
78.70 2034.59 527.07
77.76 2033.16 741.92
139.35 2032.69 223.41
141.43 2032.60 160.50
140.42 2029.80 867.22
5.98 2040.26 293.00
131.54 2034.54 131.42
130.71 2034.32 157.00
113.42 2032.96 283.69
121.75 2033.47 317.14
10.21 2038.82 494.91
21.12 2038.85 401.15
8.91 2040.49 229.57
5.96 2041.29 223.58
8.78 2040.04 287.08
1.36 2041.97 167.72
10.07 2039.65 269.20
6.31 2041.47 222.67
7.31 2041.25 213.74
23.95 2039.05 225.66
32.20 2037.47 1814.57
76.63 2035.55 608.25
102.54 2033.49 420.34
4.24 2040.96 278.88
9.11 2039.66 313.16
3.89 2041.63 231.41
8.21 2038.99 520.53
8.89 2038.99 525.03
7.94 2040.72 239.44
7.22 2040.80 245.11
6.64 2041.24 222.25
6.78 2040.76 247.86
140.21 2032.93 165.90
141.45 2032.99 120.61
137.87 2032.80 244.57
140.84 2030.88 411.63
2.99 2042.01 222.39
3.16 2041.34 274.99
5.25 2041.37 233.05
5.31 2040.89 262.42
0.41 2040.86 273.31
6.90 2039.67 315.44
8.27 2040.51 234.07
5.80 2040.84 261.96
7.53 2040.51 244.81
8.36 2040.06 291.73
140.87 2032.15 230.31
140.63 2032.88 161.75
141.76 2032.23 207.20
2.65 2041.70 226.54
3.42 2040.96 289.50
2.57 2040.73 390.61
5.31 2039.07 582.00
1.77 2041.30 215.53
1.32 2041.47 194.48
6.49 2040.21 287.00
7.50 2039.92 316.09
140.93 2032.59 164.46
141.78 2033.11 116.10
2.76 2041.27 276.25
1.98 2040.70 392.34
140.33 2032.07 237.24
7.63 2038.34 619.24
0.22 2042.03 142.03
0.74 2041.32 191.44
140.05 2031.44 364.23
141.62 2031.27 380.10
1.56 2040.12 415.81
0.55 2041.82 149.73
3.04 2040.48 374.70
9.51 2038.37 638.33
12.82 2039.66 203.49
67.55 2034.52 923.06
72.66 2035.68 449.57
103.97 2033.42 374.50
102.75 2032.73 546.08
110.67 2033.31 259.91
111.28 2033.28 263.81
44.29 2037.62 635.96
46.76 2038.01 854.63
31.88 2038.51 349.73
32.79 2038.64 240.52
39.91 2037.92 612.24
40.87 2037.89 693.98
80.31 2034.42 908.14
93.42 2033.19 481.87
56.38 2037.73 872.86
60.40 2036.98 746.65
21.68 2039.30 328.01
22.29 2039.13 284.62
77.70 2034.46 583.90
90.36 2033.03 542.24
100.38 2033.81 424.33
101.48 2033.78 408.98
48.34 2037.70 801.51
47.26 2038.00 841.94
75.30 2035.63 518.43
78.31 2035.45 325.99
107.29 2033.35 235.45
106.19 2032.93 361.89
38.31 2037.34 687.28
59.13 2037.09 1596.98
32.64 2038.22 417.70
36.75 2037.43 665.51
64.95 2036.38 938.13
89.92 2032.42 597.62
51.63 2037.20 813.82
68.82 2034.13 789.98
82.04 2031.93 553.05
83.24 2033.01 740.06
52.88 2037.05 873.50
48.88 2037.60 827.02
17.17 2039.70 298.10
16.85 2039.00 383.63
82.90 2032.11 544.53
79.24 2035.09 288.78
100.91 2033.35 430.41
109.67 2032.77 356.37
131.64 2032.62 312.52
138.53 2030.74 416.08
79.13 2033.93 701.49
99.81 2031.93 633.88
87.47 2032.75 504.92
87.79 2031.93 689.70
119.66 2034.35 278.89
120.25 2034.20 283.12
120.58 2033.63 311.23
131.84 2030.29 929.51
128.92 2033.28 308.89
132.22 2032.94 308.77
27.24 2038.11 637.32
30.44 2037.83 1145.70
54.18 2029.86 935.03
75.78 2032.41 751.70
49.39 2034.53 791.77
86.30 2032.86 502.40
130.24 2033.86 195.87
132.07 2033.59 216.64
4.45 2040.41 310.12
5.05 2040.40 304.66
6.82 2038.77 601.42
13.83 2038.72 410.44
0.77 2040.24 415.98
2.58 2038.96 651.36
12.39 2038.42 426.91
12.37 2039.22 207.99
10.94 2038.72 454.09
18.83 2038.58 400.96
90.08 2031.51 728.25
87.99 2034.75 289.11
77.13 2034.57 592.73
73.95 2034.81 552.25
104.98 2033.15 357.36
113.15 2032.34 354.52
107.03 2032.10 512.04
108.48 2032.16 565.49
109.35 2033.36 216.99
112.18 2032.83 310.99
108.33 2032.96 242.05
114.90 2033.78 267.85
46.32 2036.97 853.61
50.60 2037.67 710.23
44.94 2037.37 670.66
57.43 2036.45 1976.87
30.16 2038.43 499.62
31.06 2037.83 1148.51
37.95 2037.93 496.93
32.76 2037.35 1825.66
74.22 2035.38 526.18
65.65 2033.22 1145.18
58.29 2037.66 948.96
58.51 2037.12 1696.63
52.57 2037.67 804.97
53.45 2037.05 870.02
22.76 2038.64 275.42
29.84 2037.27 1321.15
19.31 2039.43 290.89
20.92 2035.12 1730.67
78.61 2034.11 672.30
64.12 2034.32 1290.29
98.68 2034.07 421.15
97.59 2033.51 441.56
49.35 2037.13 824.48
54.30 2037.57 936.42
45.44 2036.70 910.90
54.49 2036.90 1037.59
68.05 2033.81 829.32
78.45 2034.85 471.64
107.86 2033.35 226.10
105.08 2032.39 549.63
103.62 2032.66 540.42
111.44 2031.95 439.58
32.21 2038.10 443.80
33.40 2038.14 497.51
78.91 2031.45 709.27
78.52 2032.66 800.79
51.91 2036.57 988.72
53.93 2036.56 982.06
17.76 2039.64 298.54
18.47 2039.02 363.80
14.60 2038.83 426.91
15.65 2037.08 1154.41
17.40 2038.57 408.95
17.73 2037.75 826.39
85.20 2030.43 494.86
91.61 2032.07 591.77
116.05 2033.16 286.58
121.28 2033.86 312.48
125.54 2034.47 270.66
125.57 2033.38 313.57
28.38 2038.63 775.35
29.26 2037.69 1144.99
73.31 2034.88 545.71
84.37 2032.36 504.84
130.49 2033.16 284.15
131.17 2033.13 279.69
3.22 2039.79 469.08
5.48 2039.88 312.20
4.44 2038.88 593.71
4.02 2039.70 456.25
31.59 2037.26 1867.86
32.99 2037.89 512.91
83.96 2030.75 499.94
89.28 2031.06 762.74
74.64 2035.43 526.20
87.14 2031.00 669.53
47.22 2036.73 811.50
33.14 2035.89 1596.63
118.67 2033.09 315.47
122.94 2033.58 315.65
124.17 2033.63 312.97
130.60 2031.65 520.81
25.08 2038.42 474.97
52.04 2032.61 1009.69
72.33 2035.49 459.35
55.57 2035.69 1627.02
68.08 2035.88 674.64
79.33 2033.30 934.55
128.19 2033.28 310.86
133.38 2033.38 233.04
80.14 2031.40 681.67
87.79 2029.63 880.79
64.41 2035.78 1461.33
63.28 2032.55 1169.19
52.54 2036.48 992.07
61.80 2036.85 785.32
22.29 2037.01 1175.01
27.87 2037.36 961.61
29.63 2035.42 1669.61
37.99 2036.58 986.28
130.04 2032.37 454.10
133.13 2031.73 470.02
84.09 2028.55 800.31
80.12 2033.22 998.53
63.12 2034.51 1289.42
93.49 2030.65 867.60
64.69 2035.00 1205.56
66.85 2034.68 976.15
68.01 2032.67 980.69
91.02 2031.23 719.95
36.12 2037.82 865.51
33.29 2036.85 1891.85
96.94 2033.83 437.26
98.98 2032.77 547.14
138.95 2032.19 271.14
138.21 2032.18 273.42
16.15 2039.02 387.53
17.96 2039.06 374.28
26.51 2038.30 592.93
28.63 2037.75 1096.08
110.35 2032.73 352.04
121.68 2032.84 395.24
110.80 2031.90 458.39
112.50 2032.32 355.44
39.45 2036.55 873.29
53.70 2035.75 1311.08
60.06 2036.46 1316.13
59.25 2035.38 1357.32
58.27 2036.43 1865.65
59.36 2036.57 1390.78
106.90 2032.82 343.25
116.87 2032.55 317.79
104.29 2031.99 566.97
100.90 2032.36 615.35
51.95 2037.74 794.61
50.95 2037.13 802.78
61.22 2033.83 1235.26
14.34 2034.79 1657.48
11.52 2038.02 427.71
15.35 2033.63 1651.58
20.04 2037.99 685.81
25.78 2037.83 583.31
112.02 2031.66 432.45
112.70 2031.07 490.80
52.88 2035.68 1255.07
78.05 2033.97 665.33
58.82 2036.06 1659.80
69.37 2035.20 686.80
49.40 2036.37 842.18
50.25 2036.03 907.68
109.27 2032.00 561.70
109.47 2026.96 1926.72
50.83 2036.43 1028.51
51.47 2036.09 1059.30
52.39 2035.15 1080.51
54.21 2033.60 1071.14
47.59 2035.51 653.41
66.67 2032.19 1043.05
50.34 2035.15 825.47
51.60 2035.48 995.59
119.40 2032.34 366.95
123.60 2032.10 427.55
7.98 2037.14 1283.33
15.44 2038.36 482.58
13.28 2038.03 457.25
13.46 2036.98 1156.39
69.56 2033.95 766.77
86.98 2033.69 333.38
92.62 2029.68 920.22
110.05 2031.38 577.92
103.97 2030.75 883.78
105.75 2032.22 522.12
18.65 2037.80 802.57
23.91 2037.57 811.68
80.54 2032.53 807.39
62.88 2035.47 1408.82
19.89 2038.68 399.04
19.57 2036.51 1289.38
69.86 2031.15 890.70
92.64 2033.09 480.16
113.55 2031.55 449.56
125.63 2031.79 589.14
3.35 2034.66 1474.39
10.14 2036.22 1384.62
1.76 2039.17 615.49
5.98 2038.37 620.71
122.82 2032.53 412.92
131.52 2031.94 508.56
71.18 2035.79 564.88
84.28 2033.52 725.36
37.08 2036.61 1024.83
40.26 2036.70 877.17
37.24 2034.44 1348.70
43.10 2036.57 992.03
95.95 2032.99 503.23
85.03 2032.54 489.07
107.82 2031.68 513.81
109.94 2030.20 1256.44
101.96 2031.92 605.50
107.53 2030.55 919.19
19.91 2034.51 1654.00
20.89 2038.00 696.18
77.92 2035.26 390.73
52.33 2034.39 1066.61
108.43 2029.64 1211.27
122.73 2029.82 780.59
41.12 2036.15 921.85
54.56 2035.03 1448.43
51.06 2034.94 871.22
51.40 2034.25 1067.30
120.43 2032.71 372.34
121.06 2032.32 387.45
66.09 2034.25 1048.58
71.13 2031.68 865.54
97.80 2030.66 913.51
58.88 2034.42 1258.23
81.98 2026.63 995.82
30.79 2030.40 1437.71
120.13 2030.05 724.63
128.57 2031.88 471.51
38.77 2036.00 958.94
48.69 2035.34 690.37
34.91 2036.96 1675.69
36.42 2035.62 1652.41
106.23 2031.68 537.37
106.36 2030.64 911.70
46.27 2034.59 655.79
83.73 2031.66 492.30
95.54 2029.38 1188.82
94.64 2032.39 546.08
119.09 2031.13 601.30
127.17 2030.46 883.02
121.55 2031.74 436.80
122.16 2032.26 414.85
69.94 2034.66 622.77
73.28 2032.70 780.01
126.74 2033.41 283.98
127.89 2032.53 433.49
88.67 2031.85 692.22
69.07 2032.21 935.66
0.36 2039.41 513.48
0.97 2038.62 598.19
55.68 2037.47 824.81
52.92 2033.38 1059.37
132.31 2031.25 539.21
134.64 2033.04 229.64
137.15 2032.75 246.55
135.96 2032.35 306.04
114.51 2031.69 452.94
117.80 2030.60 595.45
114.73 2032.60 296.74
115.29 2033.09 286.37
61.03 2035.22 1334.00
38.68 2034.85 1254.14
9.18 2037.17 1298.37
17.64 2035.46 1545.91
99.34 2030.72 914.25
91.48 2033.66 463.47
2.97 2038.02 937.59
4.57 2036.83 1170.56
128.31 2030.62 897.25
136.97 2031.21 380.68
71.48 2033.68 723.24
62.34 2033.49 1235.06
28.45 2035.38 1775.54
35.24 2035.82 1686.09
70.66 2035.60 584.07
90.08 2033.74 382.87
20.64 2036.28 1282.43
22.66 2035.88 1879.48
102.52 2030.61 891.72
119.25 2028.52 1145.94
42.70 2034.29 968.98
34.05 2033.79 908.26
84.16 2033.99 1830.78
60.00 2033.30 1225.26
80.97 2035.05 1572.47
65.63 2036.24 882.81
127.08 2032.55 446.90
129.26 2032.44 454.53
93.19 2031.70 614.73
136.26 2030.66 434.19
5.66 2036.98 1202.86
105.18 2029.91 987.65
0.73 2035.47 1308.76
4.03 2038.03 955.66
133.96 2031.51 441.13
137.78 2031.20 378.96
130.59 2030.60 941.57
141.19 2028.72 1010.46
49.90 2029.46 889.33
74.50 2033.06 764.54
31.70 2034.40 1199.35
38.28 2027.98 1415.14
19.35 2037.38 798.38
21.27 2037.17 1125.00
65.88 2035.58 1197.18
32.61 2033.38 943.25
76.50 2034.15 605.13
135.93 2029.65 940.57
61.92 2035.85 1351.74
75.94 2034.58 591.30
51.03 2033.43 965.87
81.23 2033.96 2055.43
125.21 2032.66 425.56
126.62 2031.73 589.50
63.22 2031.28 981.13
27.75 2034.18 1901.50
135.39 2031.91 340.80
134.46 2030.77 457.04
132.31 2029.12 1077.39
138.87 2029.69 870.25
16.99 2036.74 1182.67
18.99 2035.51 1569.78
68.15 2035.18 804.17
89.13 2032.61 600.03
92.42 2032.17 592.76
72.50 2033.68 722.21
76.78 2033.24 738.01
80.56 2033.92 1848.85
121.39 2030.57 730.81
133.73 2028.86 1053.56
134.63 2032.25 360.01
134.57 2029.78 952.60
34.23 2035.10 1822.68
27.66 2036.41 1469.74
41.18 2034.83 1028.99
108.18 2028.22 1777.24
17.03 2033.98 1632.74
30.18 2036.43 1641.65
91.33 2030.04 897.76
94.84 2030.55 892.68
26.40 2035.95 1476.39
31.32 2036.42 1614.92
43.68 2035.43 786.59
49.73 2033.49 951.19
88.94 2033.37 397.22
96.20 2032.03 634.54
45.02 2035.54 762.90
57.66 2029.18 935.61
76.87 2028.05 849.12
93.86 2032.43 546.71
22.93 2037.80 816.34
21.93 2034.88 1756.66
1.34 2036.68 1045.75
6.85 2036.18 1264.88
125.06 2030.64 735.89
135.40 2031.16 439.74
129.39 2029.85 1055.55
70.87 2032.96 799.59
0.61 2037.57 927.37
25.30 2033.65 1829.64
86.00 2031.24 624.88
64.48 2033.22 1171.85
111.17 2029.25 1252.77
64.64 2030.19 1003.08
124.35 2032.78 417.12
123.89 2030.82 723.50
131.09 2024.97 1631.82
140.31 2026.94 1285.16
47.53 2031.83 858.50
25.57 2036.71 1276.72
85.56 2033.50 511.08
79.46 2034.37 695.77
30.41 2034.22 1346.24
32.06 2035.59 1492.70
97.22 2031.82 637.50
97.94 2032.71 551.87
22.70 2033.71 1737.26
23.84 2035.65 1923.26
2.52 2036.95 1055.77
2.07 2029.47 1877.49
122.93 2028.19 1634.63
125.95 2028.34 1693.19
55.27 2032.63 1048.82
56.75 2035.49 1617.24
89.05 2029.78 897.96
85.36 2029.12 849.04
81.66 2029.71 570.72
83.20 2029.64 583.57
0.95 2028.13 1918.58
3.64 2036.05 1141.99
93.04 2028.03 1342.30
100.49 2027.04 1547.90
20.71 2032.22 1653.25
22.24 2032.50 1653.30
79.30 2028.04 689.54
86.80 2028.56 929.28
22.98 2031.04 1607.84
28.41 2032.82 1505.00
80.83 2028.26 684.75
90.43 2027.85 1246.57
106.76 2027.48 1756.66
124.59 2025.90 2004.92
136.54 2028.51 1044.61
138.03 2028.46 1045.17
14.63 2036.32 1179.04
12.84 2034.75 1682.69
100.08 2029.61 1109.27
97.27 2026.89 1486.79
72.51 2031.42 852.90
72.18 2028.70 1034.63
55.32 2031.00 948.86
69.49 2029.59 1067.55
25.68 2031.94 1558.59
44.21 2030.29 989.65
116.75 2031.39 528.27
117.72 2028.92 1133.89
115.17 2029.58 1110.81
137.73 2025.36 1397.61
85.12 2024.21 1275.49
97.07 2029.42 1199.13
10.08 2034.38 1693.22
0.89 2032.57 1623.98
91.06 2021.73 1651.45
95.32 2025.08 1628.96
94.62 2027.83 1367.37
83.70 2026.98 1047.05
11.43 2036.81 1346.03
12.47 2036.16 1257.47
51.78 2031.46 899.49
59.51 2031.93 936.20
57.01 2030.56 946.99
81.18 2025.15 871.64
81.80 2023.22 1128.43
55.69 2023.91 1088.86
7.04 2034.71 1614.52
11.73 2033.55 1764.74
19.15 2030.09 1730.20
14.88 2031.82 1890.58
133.74 2024.62 1524.93
136.19 2025.63 1414.66
137.54 2013.53 1866.75
27.48 2031.51 1546.73
134.21 2027.35 1166.55
141.11 2024.64 1390.67
138.69 2026.81 1288.92
135.65 2027.13 1159.16
107.02 2025.84 2014.11
106.08 2019.98 2010.08
115.39 2030.88 521.60
112.60 2029.89 1142.03
116.45 2028.40 1183.71
124.42 2027.55 1701.34
78.09 2028.96 771.89
77.14 2026.61 820.58
49.14 2032.26 868.83
61.91 2030.29 905.17
57.46 2034.30 1248.11
57.84 2031.82 948.00
1.92 2026.06 2009.52
13.98 2023.40 2119.85
24.52 2030.68 1588.20
61.20 2019.32 1390.22
131.87 2026.47 1342.41
135.15 2024.24 1505.87
105.23 2028.26 1656.91
108.77 2025.52 2023.88
99.43 2022.43 1981.74
14.96 2020.41 2166.19
75.46 2028.23 867.96
66.73 2023.81 1005.57
54.88 2027.90 962.33
56.67 2027.67 961.93
133.33 2026.24 1327.35
138.21 2023.68 1467.82
123.44 2024.91 2099.65
139.97 2022.82 1454.17
103.59 2027.10 1623.98
103.98 2025.16 2040.99
119.45 2020.87 2011.74
136.67 2019.06 1751.01
77.90 2030.44 787.87
79.23 2025.18 847.01
73.46 2026.44 894.68
82.22 2018.48 1884.22
44.44 2032.12 895.36
76.61 2023.17 780.09
141.35 2017.04 1782.65
140.05 2020.94 1654.93
133.75 2018.82 1787.20
135.72 2022.86 1539.63
131.33 2027.85 1264.63
132.32 2023.71 1577.97
76.08 2030.95 799.16
74.87 2029.66 883.00
78.51 2026.43 790.79
80.10 2022.19 1042.09
64.11 2028.66 887.99
62.51 2028.67 883.87
129.66 2028.27 1314.79
128.61 2026.93 1588.79
73.11 2029.91 902.82
70.82 2026.96 911.37
74.84 2027.00 896.31
78.54 2023.60 816.27
67.11 2016.72 1760.96
53.64 2026.58 974.39
62.36 2025.95 985.99
76.05 2025.97 846.17
66.90 2027.36 943.09
53.43 2014.60 2030.80
35.15 2032.65 1144.24
51.34 2028.73 896.84
39.90 2034.05 1136.40
32.23 2032.18 1529.02
24.03 2034.24 1772.63
26.44 2034.58 1977.49
119.90 2027.24 1641.32
121.70 2027.09 1660.89
57.52 2026.28 987.21
59.87 2024.96 1037.28
13.52 2031.44 1942.17
17.85 2031.16 1774.63
19.69 2033.21 1643.02
21.83 2029.89 1672.59
24.19 2025.62 1833.29
23.75 2027.44 1716.19
25.14 2028.79 1598.89
64.81 2023.94 1028.81
102.04 2027.77 1583.58
99.20 2012.49 1969.80
33.06 2031.06 1419.04
138.12 2018.94 1747.86
38.20 2031.45 1314.92
46.11 2032.95 860.99
48.47 2028.89 885.49
42.95 2032.84 944.58
47.14 2030.04 885.33
44.67 2024.20 1499.55
50.41 2025.75 989.16
39.90 2032.12 1191.13
36.76 2032.97 1214.82
120.78 2024.59 2244.70
126.59 2023.95 1937.10
60.35 2030.52 898.64
64.99 2027.26 922.96
59.33 2029.03 932.51
59.22 2026.35 985.18
67.65 2029.17 1025.29
66.27 2030.61 1019.67
58.73 2023.80 1077.61
61.93 2023.33 1120.30
13.30 2028.95 2019.30
112.83 2016.53 1880.55
20.49 2030.67 1700.38
18.16 2032.73 1644.08
16.24 2030.61 1816.33
30.31 2021.81 1900.08
30.80 2031.81 1494.50
32.27 2029.91 1420.89
29.88 2032.83 1482.97
28.06 2029.88 1484.53
35.22 2018.63 2043.36
41.43 2031.45 1096.99
34.54 2031.13 1371.78
138.99 2017.93 1757.05
35.42 2029.73 1372.84
34.46 2028.33 1416.93
41.70 2028.30 1385.82
123.68 2023.15 2065.90
122.29 2022.21 2085.55
64.08 2025.77 982.72
67.91 2025.73 949.96
57.16 2024.61 1077.52
61.39 2024.70 1035.04
52.79 2022.28 1174.30
56.26 2017.91 1521.91
61.67 2027.46 939.70
60.05 2027.59 943.85
60.97 2022.12 1201.46
63.64 2022.75 1111.57
59.37 2019.18 1394.41
65.27 2018.37 1374.44
59.28 2022.33 1205.40
63.60 2021.20 1243.42
58.30 2020.93 1280.27
61.82 2020.87 1252.44
62.50 2018.19 1404.60
69.92 2025.68 934.49
55.53 2022.18 1203.03
42.99 2023.91 1547.61
56.63 2020.93 1274.17
58.36 2017.69 1515.08
37.47 2029.74 1306.98
29.17 2026.77 1543.31
58.99 2015.98 1755.11
67.19 2020.34 1188.87
12.09 2032.16 1936.79
14.68 2028.25 2029.15
43.70 2021.27 1829.19
27.55 2026.96 1558.83
133.82 2020.84 1710.52
140.42 2015.62 1810.16
31.74 2027.41 1478.70
36.85 2026.41 1628.80
15.72 2015.29 2228.70
45.48 2029.33 916.87
37.38 2024.65 1705.74
40.01 2027.49 1397.15
122.04 2025.47 2176.00
125.32 2022.59 2025.62
119.32 2025.61 2285.19
118.12 2022.97 2148.21
128.88 2021.75 1816.82
129.50 2025.01 1667.43
112.06 2019.95 2055.39
141.08 2014.15 1843.98
8.81 2015.75 2175.47
128.45 2012.92 1887.48
64.42 2020.30 1240.40
70.64 2024.06 868.95
44.87 2019.20 1841.37
64.55 2008.78 2289.38
10.37 2030.14 1891.79
12.96 2030.16 1925.23
6.75 2032.06 1724.38
7.24 2018.56 2158.74
21.99 2028.19 1759.68
25.83 2025.05 1799.14
18.99 2028.46 1900.41
17.34 2026.18 2125.41
23.36 2019.84 2126.12
30.15 2027.80 1482.24
140.54 2018.31 1755.85
138.88 2016.23 1811.78
141.19 2019.80 1683.99
138.53 2020.47 1663.71
134.94 2013.47 1869.24
131.95 2016.17 1846.89
137.48 2021.24 1662.98
136.35 2020.51 1678.56
137.23 2022.58 1529.64
132.23 2021.96 1740.72
124.80 2019.68 1919.12
127.84 2018.96 1847.75
135.22 2021.44 1684.65
135.47 2017.96 1778.59
127.52 2020.49 1867.40
125.79 2020.93 1886.36
49.22 2018.16 1857.70
19.29 2016.50 2230.41
39.22 2024.17 1716.77
35.32 2020.46 1891.13
117.91 2024.74 2315.49
119.55 2022.34 2119.44
115.68 2026.99 1917.21
115.23 2021.83 2172.40
50.34 2016.86 1804.98
62.46 2016.29 1739.13
36.59 2021.52 1822.31
72.46 2021.96 892.01
48.84 2026.05 996.11
132.19 2017.98 1804.19
25.01 2019.55 2116.13
33.19 2022.60 1777.55
31.00 2020.18 1991.74
59.38 2012.68 2008.99
43.55 2019.83 1846.11
42.08 2025.23 1606.20
36.11 2023.36 1693.16
30.50 2017.40 2129.78
34.38 2023.81 1690.01
31.42 2023.06 1791.45
33.88 2025.45 1607.50
30.95 2024.68 1651.37
100.70 2024.03 2052.50
108.91 2021.09 2107.42
59.62 2004.50 2508.10
52.31 2017.37 1773.65
40.41 2025.43 1641.92
42.97 2026.85 1290.63
44.36 2026.83 1250.66
42.24 2029.85 1025.89
131.23 2011.30 1905.51
54.97 2003.13 2626.70
60.88 2015.23 1756.92
65.72 2017.06 1733.15
128.95 2016.57 1859.44
130.11 2015.53 1851.93
123.26 2019.54 1927.46
129.23 2018.26 1835.52
122.87 2017.81 1899.18
125.42 2018.17 1878.25
130.61 2019.04 1819.32
130.59 2021.00 1785.14
33.64 2021.08 1903.28
42.41 2017.35 2043.13
42.17 2019.04 1866.90
62.26 2005.12 2451.92
49.77 2019.73 1533.48
32.29 2016.93 2123.66
48.19 2012.58 2240.09
32.56 2019.92 1985.56
121.77 2014.47 1893.89
56.11 2015.07 1874.59
48.46 2020.74 1615.15
39.12 2019.53 1887.44
9.68 2016.94 2177.77
32.96 2015.06 2228.99
60.59 2005.63 2457.10
38.48 2018.05 2038.32
52.65 2023.81 1067.98
61.34 2008.73 2320.36
108.01 2014.80 1845.40
56.88 2012.07 2181.79
126.85 2013.51 1889.95
63.94 2012.13 1998.16
54.01 2019.89 1368.57
64.34 2015.63 1764.14
67.10 2013.90 2034.19
72.50 2023.59 851.73
126.73 2017.89 1870.79
131.06 2008.06 1935.27
45.26 2021.58 1800.48
46.44 2025.79 1143.38
41.21 2016.15 2093.35
133.76 2012.68 1873.15
59.99 2007.34 2379.72
57.64 2014.70 1851.29
23.22 2017.41 2260.55
132.62 2013.49 1874.10
124.55 2015.55 1883.40
127.38 2016.39 1862.64
9.27 2021.51 2131.24
25.41 2018.23 2199.36
46.67 2017.30 1981.71
47.67 2018.24 1880.50
21.09 2018.61 2229.14
40.87 2019.91 1871.87
51.17 2020.21 1458.26
48.07 2027.45 1000.42
45.76 2022.93 1409.06
50.25 2022.81 1191.51
22.67 2021.28 2144.71
10.73 2013.61 2200.95
65.00 2002.90 2583.90
108.00 2019.84 2018.29
69.45 2009.14 2070.53
65.10 2010.44 2032.16
108.14 2022.72 2133.78
16.85 2020.95 2169.99
105.88 2024.67 2053.97
57.79 2010.63 2224.14
44.85 2015.16 2145.19
48.70 2022.36 1248.38
36.50 2017.58 2045.23
46.61 2015.47 2146.64
39.58 2022.48 1818.72
17.79 2017.77 2210.69
22.90 2014.74 2297.52
28.31 2024.59 1715.82
15.97 2009.24 2292.61
128.61 2011.29 1911.43
28.41 2019.21 2048.05
27.85 2023.34 1890.03
42.52 2022.33 1843.51
28.61 2022.02 1913.00
43.80 2013.84 2189.69
109.54 2015.66 1845.05
38.35 2014.97 2164.28
23.64 2022.58 2037.73
63.05 2008.06 2311.37
57.20 2005.88 2478.17
27.82 2017.88 2166.33
106.46 2022.98 2127.74
45.96 2020.28 1778.92
7.57 2027.96 1988.94
52.60 2019.15 1392.97
67.27 2007.63 2277.14
54.16 2010.01 2356.81
11.49 2019.76 2162.53
103.54 2016.17 1930.85
111.44 2017.98 1873.75
61.64 2001.41 2594.80
124.66 2009.56 1930.07
105.30 2021.49 1989.78
47.22 2019.93 1739.86
27.04 2025.70 1747.04
26.22 2023.45 1900.00
25.32 2022.33 2022.87
44.06 2016.83 2038.88
22.90 2024.28 1994.64
22.58 2018.69 2235.22
18.60 2025.23 2108.89
21.27 2024.45 2017.53
73.93 2000.57 2496.80
115.73 2015.88 1889.99
65.08 2005.84 2409.99
75.27 2018.97 1567.77
117.67 2019.09 1918.35
59.36 2011.04 2212.85
117.06 2021.67 2155.33
109.31 2024.10 2150.17
120.23 2018.47 1914.76
109.72 2017.37 1880.68
51.40 2021.67 1177.67
55.60 2019.40 1366.74
110.84 2021.35 2117.36
114.18 2020.15 2050.51
54.78 2000.78 2615.34
11.59 2016.70 2179.90
74.00 1987.88 2474.06
129.91 2013.82 1881.07
56.42 2002.44 2625.57
51.70 2027.13 963.33
15.59 2023.93 2126.23
20.17 2022.93 2143.64
41.81 2014.32 2191.49
33.41 2018.32 2047.33
58.04 2004.54 2511.01
123.43 2014.32 1892.65
62.48 2003.62 2590.64
74.42 2017.90 1642.52
8.84 2018.58 2160.31
115.11 2018.55 1904.63
38.28 2012.22 2322.14
45.13 2017.90 1988.41
60.93 2010.42 2193.24
62.11 2012.03 2007.21
58.04 2013.24 2029.34
57.15 2009.15 2351.20
67.31 2004.17 2497.41
6.97 2006.99 2264.51
29.15 2016.68 2154.79
68.82 2001.97 2545.07
117.74 2009.70 1956.06
53.97 2021.56 1190.59
65.86 2007.37 2291.30
67.02 2010.62 2024.95
67.96 2012.31 2042.63
65.00 2013.90 2024.75
74.05 2014.05 2102.16
72.06 2019.15 1161.08
114.56 2023.74 2195.59
18.97 2014.96 2246.99
93.71 2021.03 1824.40
17.32 2014.37 2240.62
20.25 2025.77 2072.17
18.60 2023.49 2149.10
20.49 2027.34 1830.68
17.49 2027.84 1973.28
15.81 2025.61 2112.02
18.24 2019.63 2188.10
16.04 2028.91 2037.17
14.60 2026.61 2085.69
12.18 2027.67 2017.34
17.12 2022.76 2141.30
12.58 2024.72 2097.87
104.81 2014.94 1893.32
0.96 2024.61 2040.44
13.62 2021.70 2149.45
13.54 2010.84 2249.50
60.88 2013.40 1972.91
111.09 2023.37 2152.52
53.99 2024.81 1075.34
105.43 2018.45 1937.72
118.86 2018.09 1914.11
63.36 2006.16 2414.56
131.33 2012.89 1878.16
20.84 2021.46 2168.40
20.04 2019.94 2191.80
10.77 2022.39 2134.47
14.07 2014.16 2218.47
12.99 2026.25 2078.61
12.05 2021.29 2146.55
9.71 2019.86 2161.15
15.87 2017.16 2205.23
12.53 2018.24 2182.97
14.43 2018.48 2186.32
58.18 2007.56 2386.78
55.00 2013.98 1999.74
55.38 2012.44 2192.38
60.09 2003.12 2606.68
50.83 2013.97 2156.24
42.51 2010.68 2333.09
102.64 2023.75 2079.24
103.38 2021.77 1978.30
108.34 2018.22 1912.84
110.66 2014.71 1862.27
106.78 2017.34 1924.42
106.62 2015.63 1875.37
104.55 2010.59 1921.28
120.98 2013.17 1901.73
102.55 2018.78 1932.19
122.69 2007.67 1966.23
123.96 2012.68 1900.28
125.53 2012.27 1898.87
127.37 2010.13 1920.27
132.57 2008.85 1931.74
120.90 2015.79 1896.90
122.84 2011.55 1908.29
119.11 2015.55 1897.13
118.00 2011.22 1916.68
123.17 2010.17 1932.19
125.90 2010.52 1921.70
119.27 2011.70 1914.80
124.24 2002.98 2047.80
121.99 2009.01 1945.33
124.49 2008.02 1965.63
108.47 2013.07 1885.71
123.00 2003.62 2048.80
127.44 2007.08 1971.91
132.53 2010.54 1904.44
4.48 2018.90 2148.28
6.49 2016.99 2162.41
12.22 2014.79 2210.43
17.46 2012.82 2270.17
11.86 2010.74 2244.73
14.57 2012.24 2257.99
55.40 2008.95 2358.66
55.45 2005.98 2484.08
97.56 2022.83 1953.23
97.55 2019.33 1889.87
129.97 2010.61 1909.56
133.78 2011.31 1900.60
128.11 2008.70 1935.27
129.76 2009.06 1933.93
134.91 2010.72 1900.36
136.11 2012.79 1869.32
125.62 2006.75 1973.22
141.24 2011.11 1885.15
128.78 2005.69 1980.94
140.58 2009.81 1903.84
19.03 2012.37 2274.69
2.98 2022.14 2113.17
24.42 2017.23 2256.62
8.79 2009.89 2232.40
23.50 2006.47 2385.33
48.37 2008.88 2410.40
2.65 2020.59 2132.17
95.73 2011.46 2050.41
104.00 2017.97 1935.19
120.31 2005.66 2005.36
131.97 2005.19 1988.17
1.75 2018.14 2146.41
6.82 2014.46 2184.37
16.37 2011.82 2262.80
20.01 2013.66 2279.12
16.86 2008.02 2322.31
18.36 2009.90 2307.41
21.88 2013.40 2283.89
20.79 2017.03 2238.19
11.28 2009.19 2250.31
35.11 2014.42 2219.32
19.48 2010.87 2319.60
23.79 2010.81 2356.73
17.53 2005.43 2351.01
35.52 2012.55 2337.85
10.69 2011.94 2223.64
9.72 2008.88 2247.08
51.48 2003.40 2620.25
58.31 1999.51 2602.02
97.08 2024.41 1676.37
97.24 2017.63 1976.74
5.97 2019.76 2149.82
4.93 2017.19 2161.62
4.73 2024.53 2050.54
0.60 2021.72 2120.96
5.68 2013.94 2182.89
3.54 2007.07 2248.17
9.94 1998.90 2399.99
8.03 2012.29 2209.34
14.73 2006.34 2319.66
8.04 2013.55 2190.05
12.17 2007.77 2279.28
4.46 2008.78 2232.44
7.18 2009.95 2230.91
11.19 2006.61 2273.45
9.60 2007.36 2268.99
7.19 2004.17 2293.65
5.70 1994.10 2455.85
14.49 2009.26 2288.15
13.69 2007.74 2283.89
54.44 2004.58 2553.84
96.36 2021.80 1894.87
51.98 2006.56 2481.11
93.99 2024.01 1535.44
1.23 2020.45 2131.86
0.63 2018.99 2143.50
98.65 2016.88 1968.29
0.90 2015.46 2166.85
52.56 2004.93 2559.24
4.61 2027.52 1983.98
3.17 2019.30 2146.37
55.88 1997.04 2586.27
61.24 1999.17 2581.78
6.10 2021.47 2121.68
3.62 2025.95 2012.03
4.45 2022.76 2112.89
1.56 2023.01 2110.22
6.25 2026.99 1988.90
2.00 2031.24 1696.57
8.95 2030.71 1866.54
1.62 2034.35 1469.27
9.23 2014.33 2194.78
3.78 2031.77 1706.12
7.23 2015.83 2174.49
5.61 2012.24 2199.73
0.88 2008.85 2224.25
4.30 2014.61 2181.06
3.89 2016.10 2162.81
6.74 2011.50 2205.36
9.17 2011.40 2218.79
34.92 2008.10 2523.87
3.29 2013.43 2183.82
3.54 2010.45 2209.91
57.30 1994.73 2572.52
102.13 2020.40 1920.54
101.90 2016.09 1934.93
100.12 2020.78 1910.02
101.27 2017.67 1938.19
99.88 2017.98 1942.01
99.15 2019.47 1900.24
94.85 2019.78 1825.69
104.39 2013.29 1898.65
99.04 2015.48 1966.72
100.89 2015.00 1960.00
7.79 2022.34 2124.31
9.42 2025.19 2075.17
4.02 2028.96 1877.15
4.84 2030.38 1800.11
6.25 2030.60 1807.59
4.39 2033.41 1595.89
7.49 2029.59 1850.42
8.72 2033.68 1659.68
53.10 2007.69 2444.24
49.01 2005.03 2588.45
51.12 2009.85 2374.94
50.49 2007.06 2484.70
38.97 2007.79 2548.02
53.21 1996.44 2587.29
97.99 2014.12 2005.32
101.06 2013.16 1952.46
6.36 2025.18 2055.63
7.77 2024.27 2069.06
52.59 2012.16 2225.64
43.04 2009.03 2443.99
94.48 2018.43 1953.17
81.76 2003.48 2369.33
103.50 2008.21 2000.34
116.30 2009.22 1960.21
96.25 2014.19 2014.91
98.66 2011.12 2020.25
78.24 2009.04 2126.13
75.37 2009.24 2111.43
113.82 2029.01 1163.50
112.62 2024.44 2182.87
110.95 2027.44 1967.12
112.47 2026.48 2029.45
70.61 2028.51 1048.87
72.39 2027.16 912.27
73.66 2024.59 765.13
75.48 2024.44 740.27
101.70 2029.50 1101.03
99.39 2028.26 1386.18
97.92 2028.13 1376.42
99.84 2025.60 1708.95
52.58 2030.13 929.46
50.18 2031.04 889.27
126.10 2025.50 1937.07
128.42 2023.56 1895.96
67.81 2022.21 958.28
69.71 2022.51 938.68
68.58 2017.46 1731.25
68.89 2018.95 1129.38
70.71 2015.45 2040.09
70.72 2021.38 906.56
72.81 2012.92 2087.61
76.07 2011.98 2092.28
72.21 2016.37 2052.64
74.93 2016.52 2029.87
73.25 2011.26 2079.00
73.76 2015.52 2059.13
70.52 2019.69 1119.61
73.31 2020.80 1088.94
72.09 2010.04 2058.77
85.62 2017.69 2010.93
76.53 2016.13 2033.15
72.65 2017.90 1615.91
75.54 2013.56 2101.48
79.57 2020.54 1380.99
77.63 2017.41 1971.21
77.60 2020.29 1353.93
79.28 2017.36 1977.09
76.20 2021.51 1147.89
74.75 2020.62 1118.85
76.89 2018.87 1592.00
71.03 2013.47 2084.15
75.01 2010.80 2083.42
69.81 2012.14 2049.64
70.43 2010.37 2053.10
72.60 2008.42 2119.24
73.76 2005.28 2390.67
67.88 2009.22 2076.34
69.94 2007.53 2248.48
68.60 2005.04 2480.00
71.43 2007.13 2241.51
70.70 1999.93 2536.09
74.12 2008.08 2116.22
35.08 2026.75 1610.09
140.32 2012.66 1869.05
32.78 2028.58 1426.26
29.50 2025.21 1671.31
32.22 2025.86 1600.37
29.71 2029.45 1472.21
26.88 2028.41 1570.49
63.93 2018.83 1380.98
65.76 2019.84 1228.42
45.41 2027.84 1096.64
45.16 2025.50 1183.70
46.67 2027.11 1028.20
47.63 2024.99 1072.30
47.44 2023.44 1349.40
51.01 2024.19 1070.29
67.83 2015.29 1964.77
69.31 2016.03 1992.98
27.66 2020.55 2022.86
30.05 2019.05 2043.62
25.99 2020.74 2035.29
26.61 2017.56 2184.98
24.99 2016.16 2295.36
25.84 2013.99 2320.67
41.06 2021.75 1832.92
38.23 2021.13 1816.61
36.51 2015.59 2172.63
39.49 2016.46 2098.20
26.99 2015.19 2302.57
40.69 2013.18 2230.09
29.58 2013.73 2330.02
33.27 2007.42 2507.98
124.22 2017.07 1891.01
126.41 2015.15 1880.69
55.35 2016.56 1691.32
53.58 2016.27 1724.72
120.56 2019.97 1979.69
117.93 2020.37 2017.59
122.16 2020.56 1971.32
120.80 2023.10 2101.91
52.32 2013.74 2139.30
54.09 2011.48 2222.84
49.82 2015.24 2173.95
51.05 2011.36 2240.74
47.90 2014.54 2169.32
49.95 2012.38 2234.07
121.43 2017.32 1902.56
118.28 2016.70 1897.15
116.92 2016.80 1896.13
117.20 2013.67 1899.50
116.55 2018.37 1908.49
114.38 2016.89 1884.53
107.92 2009.86 1973.76
105.52 2011.92 1894.30
134.07 2008.29 1931.77
136.49 2009.24 1921.58
136.06 2011.41 1897.87
139.19 2009.73 1904.41
137.56 2015.35 1821.14
135.76 2016.17 1824.00
134.57 2015.03 1840.84
133.04 2015.06 1843.04
52.74 2009.18 2372.14
54.69 2007.46 2440.57
113.02 2013.40 1893.47
129.61 1998.24 2135.48
123.35 2000.52 2100.75
138.74 2008.23 1933.19
22.18 2016.32 2248.12
24.53 2014.75 2303.44
26.38 2012.48 2369.03
26.28 2016.29 2289.27
23.28 2009.11 2367.12
27.05 2006.52 2438.20
28.47 2012.15 2373.21
28.64 2015.27 2297.74
29.20 2010.43 2421.01
34.26 2011.15 2390.50
31.58 2013.47 2319.45
32.46 2011.43 2398.68
31.19 2009.97 2427.54
40.78 2002.20 2580.05
35.34 2009.58 2412.39
36.99 2011.84 2331.89
26.46 2009.38 2405.24
28.13 2009.15 2409.51
21.54 2005.19 2387.89
31.70 2008.10 2490.22
25.44 2010.99 2362.96
30.18 2006.76 2465.94
25.14 2004.29 2433.40
35.66 2003.81 2554.66
22.40 2011.74 2340.10
25.74 2007.83 2406.84
28.60 2007.35 2452.91
33.48 2005.58 2525.68
20.98 2010.50 2327.34
24.21 2007.74 2400.14
21.64 2009.05 2363.44
21.95 2006.51 2381.94
22.59 2002.99 2418.50
30.66 2005.13 2504.80
35.03 2005.19 2531.82
38.59 2009.45 2405.39
20.21 2004.77 2380.14
28.16 2003.38 2477.46
32.39 2004.63 2510.93
36.01 2006.67 2550.34
26.78 2004.87 2444.81
34.96 2002.56 2535.06
37.56 2006.44 2554.60
36.92 2010.07 2405.03
41.75 2003.72 2596.24
33.57 2002.26 2530.25
39.74 1998.87 2570.86
45.01 2002.68 2613.07
21.01 2007.72 2354.90
31.15 1995.32 2539.57
19.46 2007.45 2348.92
19.06 2005.83 2357.64
11.71 2001.46 2355.50
33.43 2000.74 2534.49
10.07 2002.42 2347.84
18.39 2002.55 2386.26
38.04 2004.87 2570.33
46.76 2006.40 2524.50
16.41 2006.64 2325.41
10.00 2004.12 2306.86
11.62 1999.49 2403.56
12.84 2004.24 2324.95
16.94 2000.03 2415.54
15.55 2003.42 2357.94
22.73 2000.05 2445.06
27.43 2001.69 2464.92
19.88 1999.81 2431.22
14.31 2004.84 2332.26
37.13 2003.72 2558.27
40.70 2006.87 2552.47
37.99 2002.34 2570.79
39.29 2004.37 2575.10
45.37 2006.95 2527.49
40.94 2011.32 2331.98
35.70 2001.17 2549.43
45.63 1995.20 2575.79
37.26 2001.04 2552.75
41.23 2000.49 2583.59
40.83 1987.85 2537.05
42.75 1992.60 2561.41
44.63 2000.78 2592.76
46.83 2003.28 2617.93
16.82 2010.40 2301.79
18.37 2008.44 2328.15
54.01 2001.91 2620.05
56.19 2000.99 2614.89
52.41 2001.83 2619.55
52.57 1997.71 2597.39
54.44 1999.41 2606.26
53.16 1999.09 2606.07
51.91 2000.37 2607.65
54.66 1996.08 2586.69
47.37 1999.14 2599.52
50.46 1999.57 2606.05
53.42 1993.67 2574.70
58.66 1994.30 2571.42
40.44 1996.99 2576.67
50.13 1996.63 2590.58
48.76 2000.31 2605.07
47.53 1997.33 2590.69
48.48 2002.18 2618.63
42.96 1999.90 2587.56
44.96 1997.89 2589.02
48.38 1994.57 2577.28
49.81 2003.56 2622.01
47.29 2004.91 2589.89
49.32 2006.33 2502.15
43.48 2004.15 2603.22
43.42 1998.01 2587.73
45.78 1999.49 2597.94
42.39 1996.73 2578.40
44.30 1994.58 2573.79
39.54 1995.54 2564.02
37.77 1993.34 2555.90
47.82 1987.03 2534.47
47.01 1994.00 2575.85
47.48 2009.86 2399.98
44.26 2012.06 2307.40
33.48 1997.72 2544.53
46.66 1992.49 2559.44
32.22 1998.54 2536.55
42.89 1995.18 2572.64
38.46 1990.02 2543.95
44.19 1993.02 2561.60
42.51 1991.34 2548.64
41.88 1993.84 2564.72
36.80 1990.62 2543.32
51.48 1989.87 2541.09
32.09 1989.65 2536.84
47.51 1991.01 2550.83
45.17 1992.13 2559.52
44.95 1990.56 2548.59
46.49 1987.99 2535.37
41.68 1989.22 2540.84
46.34 1989.73 2548.40
49.88 1989.44 2541.97
49.87 1993.78 2577.11
65.86 1993.41 2541.08
52.35 1994.96 2581.52
50.14 1992.29 2553.40
53.13 1992.10 2551.93
56.79 1989.55 2536.77
49.34 1987.83 2534.13
56.18 1993.74 2572.61
51.08 1986.78 2531.89
45.27 1986.94 2535.45
52.68 1987.47 2530.81
51.64 1991.52 2552.09
48.94 1990.88 2550.27
98.09 2025.58 1693.37
95.49 2026.63 1484.24
92.10 2024.47 1471.86
81.20 2013.21 2086.44
1.76 2003.68 2297.47
8.65 2004.90 2297.97
2.02 2016.64 2162.30
1.75 2013.74 2183.41
1.77 2007.09 2247.60
4.20 2011.93 2198.29
1.79 2000.37 2352.42
4.49 2005.33 2276.07
6.09 2005.41 2277.39
0.89 2005.36 2270.49
6.29 2008.62 2233.73
7.10 2002.59 2338.28
8.50 2006.57 2266.68
4.98 1996.62 2422.83
5.82 2001.73 2337.32
7.46 1997.65 2418.64
11.43 2005.05 2314.31
21.31 2000.74 2437.89
19.98 2003.20 2394.25
8.63 2001.62 2345.10
8.59 2000.06 2386.88
4.30 2002.13 2334.87
9.29 1997.39 2419.75
7.16 1999.23 2382.62
14.75 2001.88 2363.42
5.92 1999.93 2374.95
4.47 1995.14 2451.96
6.55 1996.60 2423.68
6.99 1994.91 2455.00
15.35 2000.60 2410.77
17.09 2003.73 2363.87
18.25 2000.72 2421.27
25.29 1989.11 2522.03
3.99 1997.78 2406.28
2.86 1993.33 2473.06
32.33 2000.11 2528.24
16.03 1990.76 2505.19
13.04 2002.35 2359.54
13.32 1998.26 2417.86
2.06 1997.24 2405.31
4.32 1989.88 2500.86
0.67 1994.62 2458.89
1.81 1995.68 2451.90
3.79 1992.31 2479.31
9.90 1995.82 2456.29
8.52 1994.39 2457.28
28.41 1996.08 2522.04
14.87 1998.98 2422.79
16.46 1998.41 2427.61
0.85 2012.29 2190.57
1.74 2010.50 2209.30
5.96 2033.48 1609.53
8.39 2032.14 1730.99
102.50 2012.41 1915.16
102.78 2010.81 1921.19
100.08 2007.19 2093.90
118.89 2006.84 2005.15
106.40 2008.64 1988.02
107.38 2011.76 1896.33
102.09 2009.32 1998.76
104.91 2009.21 1988.01
83.00 2003.84 2358.42
111.45 2000.73 2176.53
109.77 2006.93 2059.25
114.97 2010.36 1959.80
106.50 2006.99 2070.72
109.83 2009.03 1974.94
102.48 2005.37 2123.56
115.60 1998.64 2172.27
111.64 2010.22 1965.85
112.22 2014.97 1866.18
113.95 2007.62 2005.50
115.33 2011.76 1914.15
110.15 2013.08 1886.80
111.52 2012.16 1895.72
111.26 2005.69 2058.03
116.30 2004.68 2057.61
113.41 2009.41 1965.69
115.82 2007.69 2003.55
116.97 2006.34 2008.89
119.17 2008.67 1954.27
113.72 2002.82 2113.27
122.14 2006.23 2002.31
120.59 2009.48 1947.02
120.44 2010.98 1914.49
111.96 2002.46 2117.93
118.89 2001.27 2108.99
116.39 2001.78 2110.71
118.78 2002.95 2068.17
121.51 2011.89 1909.13
119.59 2013.05 1902.02
118.60 2014.10 1899.72
115.80 2014.47 1897.46
114.50 2013.20 1896.10
116.92 2012.14 1913.81
114.36 2004.48 2060.41
113.45 1996.84 2223.54
113.16 2006.07 2053.52
110.70 2003.74 2119.23
117.47 2000.67 2113.15
126.80 2003.13 2040.02
108.94 2003.24 2124.63
109.72 2000.29 2181.76
107.67 2004.37 2126.86
71.66 1994.45 2523.14
109.23 1998.51 2237.75
126.25 2001.49 2086.23
116.19 2025.36 2314.87
113.91 2027.42 1946.75
68.59 2006.56 2278.33
71.18 2004.46 2490.22
80.43 2003.95 2377.58
76.93 2008.40 2117.89
74.74 2006.47 2320.40
77.58 2005.26 2380.47
71.97 2005.60 2391.09
77.02 2003.52 2449.90
72.90 2002.83 2493.01
74.10 2003.71 2478.68
67.88 1999.38 2553.11
71.62 1987.72 2485.58
78.18 1986.90 2444.73
79.59 2008.31 2139.14
76.51 2006.57 2318.17
81.97 2007.22 2238.87
78.22 2002.32 2431.46
79.64 2005.43 2373.83
74.43 1994.57 2508.68
85.72 2003.71 2310.47
73.38 1991.80 2493.09
68.95 1995.10 2537.77
70.57 1991.06 2503.99
77.82 2000.95 2470.08
72.82 1998.23 2517.95
87.49 2004.82 2271.17
69.42 1989.85 2509.13
81.66 2001.96 2407.73
84.83 1998.31 2419.46
84.60 1999.82 2401.54
106.51 1994.07 2303.99
75.35 1988.79 2468.46
75.15 1991.12 2487.87
76.22 1994.26 2505.27
82.42 2001.35 2399.96
95.34 2012.88 2060.46
83.51 1992.24 2436.68
100.83 2005.51 2128.40
72.12 1990.60 2500.47
83.68 2000.37 2412.00
38.95 2013.52 2233.86
39.52 2010.75 2339.90
135.16 2009.38 1922.14
138.30 2010.81 1898.24
136.01 2003.57 2022.60
138.99 2000.94 2078.17
137.03 2010.53 1899.56
138.75 2012.43 1870.05
134.59 2006.73 1966.37
136.77 2002.22 2050.18
137.31 2008.02 1934.78
136.49 2006.61 1966.33
133.68 2005.41 1988.06
134.44 2003.73 2021.88
130.75 2006.32 1979.91
133.17 2002.60 2031.91
128.40 2003.76 2035.25
134.31 1998.00 2141.27
120.11 2003.80 2057.60
130.00 2001.02 2099.25
131.59 2000.19 2097.83
138.68 2004.91 2006.74
140.44 2000.82 2078.38
137.16 2005.12 2005.23
138.39 2002.31 2050.86
140.59 2003.50 2037.51
141.33 2004.99 2011.54
114.40 1990.43 2290.16
131.60 2003.47 2031.55
131.34 1998.62 2135.14
133.06 1994.80 2179.51
124.94 2005.25 2005.90
112.68 1999.51 2175.11
121.69 2002.92 2055.27
133.15 2000.98 2092.63
32.50 2003.06 2516.94
34.72 2000.12 2540.03
29.78 2003.59 2486.22
30.96 2002.32 2508.24
25.13 2000.47 2455.66
30.93 2000.90 2520.88
28.22 2000.00 2504.00
36.50 1996.10 2556.87
20.11 1998.22 2472.25
42.23 1986.68 2535.90
30.64 1998.12 2532.46
36.49 1992.40 2551.71
30.15 1996.69 2526.01
33.56 1996.28 2549.23
24.51 1997.97 2485.84
28.90 1990.03 2531.65
34.96 1995.40 2553.56
36.50 1997.94 2556.86
32.65 1992.81 2543.60
39.43 1992.71 2557.20
33.78 1991.94 2546.84
37.51 1986.94 2535.00
34.58 1994.11 2548.43
24.71 1994.92 2506.64
39.07 1988.11 2536.91
35.28 1989.63 2540.53
39.83 1991.17 2547.06
35.39 1987.85 2534.26
31.10 1992.49 2541.90
33.70 1990.46 2538.97
33.38 1986.89 2532.68
43.86 1987.64 2535.70
43.74 1990.19 2547.83
41.28 1990.63 2547.32
43.23 1989.01 2541.04
42.27 2007.45 2538.79
45.89 2009.73 2402.06
34.88 1998.67 2551.42
37.89 1999.27 2566.55
40.54 2005.02 2580.73
39.28 2002.74 2575.17
59.30 2000.78 2599.92
59.44 1995.46 2572.36
50.86 1997.85 2597.32
50.98 1995.02 2581.73
49.99 2008.86 2407.59
48.00 2007.33 2506.21
47.27 2011.55 2299.93
45.68 2011.42 2306.64
48.63 1996.39 2590.28
45.90 1996.72 2589.73
57.21 1996.29 2583.65
56.53 1992.27 2552.14
54.87 1994.35 2574.37
55.76 1990.97 2545.19
61.28 2002.74 2605.76
57.05 1986.76 2521.02
58.17 1990.18 2535.29
59.51 1989.44 2531.91
61.80 1993.93 2554.55
54.35 1990.79 2545.87
54.80 1987.79 2529.62
53.93 1989.28 2536.60
56.26 1987.89 2528.61
52.54 1988.95 2537.40
61.05 1986.90 2513.23
62.57 1987.88 2511.08
59.67 1987.68 2516.11
54.11 1986.66 2530.35
58.53 1986.76 2519.66
58.04 1991.83 2551.76
61.08 1990.69 2529.77
60.74 1992.47 2552.39
64.39 1986.96 2505.02
64.50 1990.95 2522.69
60.91 1995.50 2570.98
59.06 1992.88 2553.50
62.71 1997.31 2570.50
59.08 1998.03 2585.48
63.34 1993.90 2552.96
66.23 2001.79 2567.26
66.30 1989.89 2516.82
62.76 1989.91 2525.72
67.85 1990.67 2513.19
70.05 1988.09 2487.94
67.94 1997.74 2548.79
66.38 1987.93 2500.52
68.03 1992.25 2525.86
68.55 1986.95 2496.09
72.54 1989.02 2478.55
70.19 1993.91 2527.50
64.22 1995.27 2551.57
76.70 1992.60 2479.60
73.08 1986.58 2480.55
79.87 1992.74 2466.48
73.13 1993.59 2516.21
78.34 1996.71 2479.71
80.18 1996.11 2469.77
76.53 1999.01 2491.04
73.02 1996.70 2518.44
71.29 1998.57 2521.48
80.17 2000.08 2450.87
75.39 1998.27 2500.93
74.19 1996.09 2511.75
75.44 1996.85 2502.16
71.52 2001.15 2512.78
71.78 1996.04 2524.95
66.26 2000.24 2560.18
70.61 1997.15 2534.46
76.86 1995.77 2491.20
78.05 1998.52 2485.73
78.86 1999.74 2458.28
76.52 2000.47 2477.51
81.52 1999.34 2439.20
79.57 2002.58 2423.99
75.37 2001.26 2487.53
73.94 1999.04 2507.67
82.59 2000.19 2416.57
80.48 2001.55 2414.39
75.47 2002.95 2463.65
71.77 2003.26 2498.66
84.28 1995.30 2430.26
83.99 2002.50 2352.93
70.95 2002.34 2520.00
72.84 2001.38 2508.03
88.51 1999.55 2370.92
91.64 2011.27 2097.09
86.22 2001.69 2336.52
88.88 2004.90 2265.63
69.84 2002.76 2526.59
69.11 2000.34 2541.22
69.86 2004.22 2495.14
65.74 2004.48 2495.54
63.69 2002.62 2590.84
67.55 2002.56 2556.23
63.09 2001.20 2593.20
65.00 1999.32 2568.93
63.93 1996.69 2565.90
67.67 1994.70 2540.93
91.55 2025.93 1254.75
92.06 2020.76 1799.26
23.91 2005.09 2418.01
25.89 2001.68 2460.37
3.60 2003.67 2297.95
0.87 2001.91 2328.07
24.98 2002.79 2437.95
21.27 2002.30 2409.40
4.44 1999.29 2372.18
117.19 2003.29 2070.65
13.16 1996.32 2462.61
118.54 1996.83 2199.86
104.69 1998.54 2259.53
137.32 1996.66 2151.28
120.26 2000.37 2108.51
114.87 2001.51 2114.56
90.28 2012.53 2109.63
78.64 2010.78 2098.27
140.12 2007.32 1936.00
140.12 2005.94 2002.88
141.33 2008.34 1926.28
141.27 2002.23 2057.34
139.16 2003.45 2036.88
123.26 2005.07 2006.90
128.72 1999.76 2115.04
130.00 2002.67 2036.37
125.47 2003.97 2039.41
118.42 1998.22 2167.72
114.35 1999.92 2170.64
132.48 1997.54 2142.15
123.44 1995.71 2197.24
134.74 1999.87 2093.92
110.55 1997.34 2231.79
112.27 1997.89 2226.33
122.13 1994.31 2215.66
117.20 1999.12 2167.83
115.11 1997.18 2220.35
120.05 1998.87 2164.80
132.01 1995.93 2176.09
140.13 1994.90 2171.66
129.14 1987.66 2255.25
106.89 1992.50 2314.03
118.97 1989.39 2282.64
114.77 1994.44 2249.27
120.42 1994.86 2218.09
125.76 1992.80 2232.85
120.11 1996.41 2196.58
123.82 1998.86 2143.52
130.42 1995.55 2177.81
135.47 1996.59 2151.95
127.71 1996.24 2178.81
135.47 1993.40 2192.73
141.05 1993.36 2188.21
136.31 2000.52 2090.03
131.13 1992.80 2205.42
140.25 1997.93 2129.05
116.05 1995.72 2226.45
121.02 1997.65 2173.01
117.58 1995.62 2223.03
118.36 1992.58 2266.13
122.65 1997.50 2170.68
121.72 2001.16 2101.74
113.17 1995.23 2256.06
125.79 1998.45 2141.28
119.86 1990.97 2261.74
110.35 1995.80 2270.89
116.55 1992.12 2270.80
114.98 1993.02 2275.43
123.42 1987.94 2268.26
124.47 1992.10 2237.80
125.96 1994.24 2204.20
127.01 1999.96 2116.32
124.56 2001.64 2086.85
110.98 1990.38 2310.26
117.70 1986.72 2289.21
112.02 1991.98 2291.45
113.64 1989.26 2304.35
116.08 1990.54 2288.73
113.66 1991.87 2288.98
130.01 1994.07 2203.64
138.04 1987.43 2236.68
124.67 1990.37 2251.29
117.00 1989.42 2284.28
125.18 1986.89 2266.02
121.70 1991.08 2258.48
131.66 1986.71 2249.28
126.16 1989.58 2249.30
126.24 1996.91 2179.87
116.19 1987.80 2298.21
119.64 1987.77 2282.20
121.76 1987.02 2278.25
123.12 1989.67 2255.14
125.07 1995.53 2195.87
127.52 1994.66 2203.33
23.81 2000.89 2451.49
27.10 1998.74 2494.54
23.02 1998.38 2481.55
25.55 1999.22 2490.43
19.51 1993.94 2494.09
28.55 1994.12 2531.23
29.76 1999.72 2510.19
27.16 1996.97 2513.13
40.48 1993.94 2563.85
37.84 1995.14 2561.93
35.06 1992.88 2550.11
33.12 1994.03 2547.77
32.50 1995.26 2541.90
25.66 1993.39 2522.29
23.30 1991.62 2517.33
28.78 1987.96 2528.40
30.23 1993.77 2533.50
27.54 1991.06 2527.89
21.11 1989.72 2516.31
30.09 1986.94 2529.85
27.41 1993.04 2524.62
22.89 1987.47 2520.68
31.67 1987.86 2530.77
27.54 1987.00 2526.59
30.63 1990.80 2533.94
25.89 1990.44 2525.93
20.02 1995.45 2489.30
24.83 1991.83 2519.01
22.26 1992.93 2507.30
25.38 1996.47 2509.63
17.72 1993.49 2491.57
22.66 1990.04 2517.18
22.85 1994.67 2504.08
20.10 1990.97 2511.23
14.67 1994.83 2474.92
21.40 1986.81 2520.14
20.54 1987.94 2517.94
24.42 1986.64 2523.28
26.07 1987.66 2525.71
23.58 1988.92 2521.36
43.84 2006.04 2544.83
45.00 2008.73 2441.14
57.62 2002.97 2618.43
56.89 1999.70 2603.80
55.74 1998.55 2604.34
58.53 1996.75 2582.23
60.52 1998.04 2583.96
63.55 1999.85 2573.63
58.96 2002.15 2616.27
60.79 2000.42 2598.10
61.44 1996.81 2573.32
62.56 1998.82 2579.64
64.57 1992.65 2544.30
65.53 1994.84 2549.73
67.17 1993.28 2539.37
69.77 1992.47 2523.94
83.04 1993.92 2446.95
89.07 1996.72 2400.20
83.74 2005.07 2298.26
83.51 2001.53 2395.72
86.06 2000.48 2390.80
85.18 2002.63 2347.11
87.19 1996.67 2403.89
100.64 2001.34 2236.76
102.02 1993.92 2334.20
107.53 1995.27 2286.12
91.18 1998.85 2347.64
93.11 2011.64 2085.59
66.57 1995.54 2546.49
65.21 1997.66 2560.15
69.25 1996.75 2539.38
66.54 1996.94 2554.82
86.95 2026.92 1219.56
84.62 2020.97 1515.88
91.75 2019.23 1957.37
95.76 2017.21 1981.98
96.44 2020.25 1828.63
94.54 2022.31 1848.69
90.88 2016.90 2010.65
89.91 2015.59 2031.32
93.02 2018.15 1956.60
92.72 2014.19 2086.46
90.40 2018.47 1968.29
92.49 2016.80 2011.61
88.66 2019.01 1972.55
86.90 2013.01 2096.48
95.22 2015.71 2050.46
93.39 2015.59 2052.35
89.59 2021.71 1629.89
88.31 2020.74 1585.31
84.45 2009.21 2153.40
86.27 2007.05 2206.97
88.22 2015.87 2028.79
88.60 2012.00 2106.92
82.08 2016.49 2080.55
83.81 2012.35 2095.06
87.41 2007.98 2176.65
89.79 2009.20 2120.26
22.64 2004.32 2406.00
23.71 2002.26 2430.59
1.45 1993.09 2472.81
3.22 1994.75 2453.19
2.32 1986.64 2514.53
6.60 1987.59 2514.61
3.38 2000.59 2353.44
0.78 1991.49 2488.62
0.92 1998.53 2389.35
10.88 1992.10 2485.79
18.42 1986.58 2516.69
106.91 1996.68 2278.87
109.03 1994.93 2282.48
105.11 1996.83 2281.20
102.28 1991.24 2350.64
107.61 1998.14 2243.72
105.03 1994.21 2306.21
106.60 2001.04 2189.23
103.07 1999.09 2264.22
105.53 2002.26 2191.74
103.43 2004.09 2132.41
102.49 2001.16 2231.87
101.83 1996.45 2314.69
99.43 1993.33 2348.56
89.08 1993.62 2409.24
104.26 1995.56 2307.86
104.37 1992.87 2325.49
101.75 1997.91 2281.86
103.38 1989.82 2343.45
111.80 1994.74 2263.66
109.88 1986.89 2323.24
99.52 1999.64 2277.61
96.16 1986.80 2378.75
97.79 1993.87 2351.88
102.82 1992.67 2328.32
80.36 2006.86 2243.07
80.22 2010.77 2099.40
83.32 2006.56 2237.74
80.66 2009.36 2139.93
81.19 2011.70 2098.50
76.85 2014.64 2104.14
84.71 2007.67 2216.10
81.91 2008.89 2144.69
86.42 2005.68 2276.72
85.71 2010.20 2157.93
91.48 2006.08 2198.44
88.47 2010.33 2155.62
141.17 1999.35 2107.76
137.83 1999.70 2090.54
127.03 1991.93 2231.42
127.65 1986.93 2257.89
138.26 1994.94 2171.92
138.61 1988.88 2226.62
113.06 1986.68 2311.94
108.41 1992.11 2310.83
109.07 1990.45 2312.51
19.07 1996.96 2469.65
21.83 1997.48 2476.45
17.27 1997.02 2466.93
16.44 1995.07 2477.20
20.62 1992.60 2505.35
21.72 1995.86 2491.98
13.84 1993.07 2483.46
14.46 1991.24 2503.54
83.66 1997.15 2440.61
19.04 1987.70 2517.34
86.22 1995.11 2426.39
81.79 1997.67 2447.83
80.80 1994.22 2450.65
85.01 1991.64 2430.98
83.89 1989.20 2432.00
78.25 1992.04 2471.96
82.24 1991.22 2446.23
78.52 1990.19 2454.84
82.18 1986.78 2431.49
77.17 1988.41 2462.62
82.45 1989.80 2437.23
85.19 1990.02 2425.33
80.00 1990.13 2452.58
80.84 1991.42 2449.05
80.48 1987.70 2441.63
105.03 1986.72 2345.47
84.09 1987.63 2424.70
87.59 1987.97 2409.50
86.52 1992.14 2426.36
97.36 1987.89 2370.89
98.09 1996.50 2327.48
91.03 2023.25 1417.33
89.56 2023.23 1399.37
88.39 2024.10 1305.06
86.79 2023.36 1294.89
88.56 2025.96 1227.79
85.11 2025.91 1199.59
83.53 2022.78 1231.60
86.68 2021.52 1528.91
92.03 2027.22 1275.59
89.95 2026.56 1232.47
93.63 2013.00 2066.64
90.84 2014.10 2085.12
99.65 2002.58 2231.01
94.30 2010.71 2063.93
11.54 1995.30 2459.71
0.84 1987.82 2512.67
12.01 1993.42 2482.81
9.03 1992.56 2484.87
15.99 1987.62 2514.71
106.23 1999.44 2249.20
103.66 2002.47 2195.71
100.68 2008.90 2008.31
89.68 2003.45 2279.83
97.25 2006.20 2130.86
97.68 2004.69 2173.73
96.67 2003.13 2229.60
96.73 1997.25 2330.59
99.62 2004.16 2167.06
97.76 2000.16 2284.22
96.87 2009.25 2026.20
97.77 2001.85 2233.82
96.37 1998.90 2306.68
99.29 1996.78 2322.35
94.29 2006.12 2158.01
91.29 2003.29 2275.63
93.89 2004.57 2229.95
87.62 1990.80 2414.57
100.05 1998.28 2285.65
100.37 1995.77 2318.71
102.80 1995.47 2311.08
100.65 1990.53 2354.63
100.09 1987.70 2363.26
91.78 1991.95 2397.60
105.54 1991.73 2320.10
102.55 1988.64 2353.27
105.08 1990.11 2340.62
82.72 2011.17 2099.48
106.04 1987.37 2336.88
82.97 2013.70 2085.35
83.00 2009.77 2144.81
85.36 2011.94 2095.27
83.42 2015.27 2054.61
79.87 2014.28 2091.47
85.09 2015.78 2045.14
84.09 2019.17 1871.85
86.77 2014.73 2039.30
87.45 2017.72 2013.85
80.50 2019.07 1880.05
80.30 2015.99 2081.77
77.78 2011.95 2093.16
78.29 2013.73 2096.38
85.27 2004.82 2294.46
86.95 2003.65 2308.15
87.36 2002.45 2321.41
88.70 2002.18 2316.07
89.28 2000.85 2327.74
93.83 2001.42 2287.27
87.14 1999.42 2377.97
92.84 1998.09 2338.55
90.91 2000.54 2322.95
94.91 2003.07 2235.36
94.46 1999.50 2313.67
91.95 2001.71 2292.46
87.11 2009.60 2165.41
89.09 2007.71 2172.39
89.82 2006.30 2203.57
92.68 2008.57 2078.92
129.15 1996.77 2175.50
128.56 1993.71 2205.22
132.44 1989.36 2233.68
126.36 1987.84 2261.04
128.27 1992.41 2229.11
127.23 1990.44 2243.02
129.49 1989.15 2238.96
128.51 1990.19 2241.56
130.53 1991.49 2227.72
132.73 1987.57 2243.28
134.09 1992.19 2201.20
141.19 1987.61 2232.58
137.19 1993.28 2191.96
134.14 1990.48 2228.96
136.63 1986.78 2237.65
135.48 1987.64 2239.47
139.71 1986.62 2235.15
134.19 1986.84 2241.64
135.71 1989.49 2227.49
140.15 1991.86 2204.23
137.43 1990.08 2225.68
141.10 1990.39 2215.00
141.08 1996.38 2153.37
138.36 1998.16 2129.57
109.52 1993.35 2295.25
111.22 1993.29 2293.33
106.22 1988.95 2331.70
111.26 1987.59 2319.40
107.51 1986.62 2333.62
108.11 1989.12 2329.51
108.67 1987.54 2327.59
13.26 1989.97 2503.77
9.34 1988.96 2507.46
89.67 1998.21 2358.05
86.42 1998.02 2414.73
80.95 1989.16 2441.04
86.23 1986.83 2420.36
89.31 1987.86 2406.88
91.29 2009.60 2103.87
94.23 2009.31 2059.76
95.65 2006.83 2138.76
96.92 2010.79 2034.42
4.05 1987.49 2514.66
1.83 1989.11 2507.76
7.83 1986.73 2514.89
6.70 1989.05 2504.71
5.65 1990.05 2500.93
10.75 1989.24 2507.80
92.69 2007.07 2167.82
92.15 2004.51 2232.98
100.49 1994.25 2337.37
99.44 1991.39 2360.64
92.25 1987.72 2391.10
101.11 1986.60 2357.44
97.94 1990.96 2363.99
93.10 1996.32 2367.74
102.60 1987.35 2354.83
98.82 1987.08 2366.56
100.78 1988.99 2354.71
93.97 1989.69 2385.88
95.43 1992.31 2370.44
92.41 1990.43 2389.29
90.03 1995.21 2389.08
92.63 1993.30 2381.74
95.21 1990.42 2380.28
94.37 1993.48 2378.97
94.77 1995.38 2360.93
91.76 1995.06 2385.41
91.45 1989.28 2397.86
93.80 1987.80 2388.74
96.99 1989.63 2376.70
96.97 1992.56 2367.58
89.99 1989.42 2399.57
90.91 1986.72 2399.69
89.14 1990.74 2412.14
86.75 1989.59 2422.73
89.97 1992.12 2399.84
87.16 1993.58 2411.94
130.98 1989.99 2235.65
103.55 1986.72 2347.05
130.18 1986.71 2250.32
129.12 1991.47 2228.99
134.68 1995.00 2178.56
132.59 1993.15 2202.98
138.16 1991.73 2204.46
140.29 1989.06 2226.13
18.17 1989.14 2513.51
16.61 1989.06 2513.10
18.67 1990.63 2510.33
17.40 1991.81 2506.29
98.44 2007.35 2097.42
16.94 1986.58 2516.46
14.59 1987.02 2514.32
95.60 2008.52 2045.91
1.77 1990.43 2493.75
3.56 1988.78 2507.59
9.08 1987.41 2514.66
5.43 1986.83 2514.88
6.29 1991.57 2488.22
10.86 1986.65 2514.64
13.47 1988.06 2513.30
11.51 1990.48 2503.15
11.97 1987.69 2512.97
5.39 1992.70 2479.57
3.37 1991.02 2494.21
8.19 1989.75 2505.08
7.91 1991.36 2488.43
96.01 1995.87 2354.21
94.68 1986.80 2380.53
97.37 1995.12 2350.30
126.11 2029.68 912.52
127.04 2027.02 1648.12
11.53 2030.89 1913.26
10.69 2028.13 2007.99
9.33 2027.06 2000.46
10.93 2024.13 2091.38
122.70 1992.68 2239.51
118.79 1994.16 2224.02
108.47 2001.51 2184.07
107.95 2006.11 2067.36
103.62 2006.82 2088.96
106.13 2003.86 2131.89
105.04 2004.77 2129.78
105.12 2006.17 2083.39
114.52 1987.75 2300.46
111.87 1989.10 2305.75
99.38 2009.77 2007.64
98.11 2008.71 2025.84
