x z velocity
42.92 2038.94 195.15
43.69 2038.84 201.58
81.51 2034.37 4000.00
42.29 2039.03 183.40
63.65 2038.20 258.32
40.00 2038.79 143.95
43.27 2038.60 201.53
36.34 2038.45 117.30
22.96 2040.46 104.33
42.54 2038.79 193.27
10.99 2040.09 198.30
44.36 2038.99 209.81
44.68 2038.81 212.45
76.33 2035.72 653.21
71.07 2034.48 427.13
45.99 2038.73 212.62
85.68 2033.44 328.17
46.33 2039.00 229.98
47.68 2039.03 251.75
23.66 2040.50 103.39
45.66 2038.92 214.04
56.67 2038.66 312.29
48.29 2039.03 251.45
84.96 2033.98 787.34
37.68 2039.06 103.30
38.67 2038.93 128.89
33.66 2039.51 130.65
117.94 2035.05 224.63
43.51 2037.34 279.95
35.70 2039.13 103.99
79.14 2034.64 263.51
36.07 2038.90 104.64
36.37 2039.24 101.68
31.21 2039.55 184.93
54.57 2038.79 291.79
36.70 2039.03 101.66
102.33 2034.96 318.98
51.33 2038.83 288.51
49.97 2038.68 267.38
138.50 2033.57 161.86
114.07 2034.54 212.71
48.93 2038.90 268.67
97.86 2034.49 290.68
50.33 2038.91 255.25
49.64 2038.99 279.59
111.52 2033.74 207.29
128.74 2035.21 142.81
39.31 2038.82 142.93
38.98 2039.09 133.85
79.92 2034.97 250.96
51.65 2039.02 302.85
34.92 2039.28 106.17
65.59 2037.64 389.29
62.01 2038.14 196.32
110.01 2033.88 171.82
136.22 2033.83 180.70
64.45 2037.82 332.64
65.12 2037.49 381.85
110.00 2034.36 119.04
74.97 2035.93 456.05
105.29 2034.40 169.99
64.26 2038.10 282.58
12.12 2040.19 164.89
67.28 2037.34 345.27
67.61 2037.43 340.72
52.72 2038.68 324.44
91.45 2033.74 297.12
64.86 2037.89 338.84
93.38 2034.82 229.47
66.70 2037.38 361.04
65.95 2037.33 385.74
26.67 2038.57 315.99
61.33 2038.19 257.69
68.24 2037.17 318.64
60.98 2038.54 399.19
30.95 2039.25 206.43
64.97 2036.39 483.23
55.71 2038.84 319.38
54.94 2038.93 293.16
63.91 2038.01 276.52
47.96 2038.86 253.95
63.81 2037.69 342.39
36.75 2038.60 115.68
56.05 2038.68 329.42
54.30 2039.03 285.45
37.41 2037.99 289.09
70.51 2036.50 334.35
55.32 2038.63 306.04
48.29 2038.32 264.03
58.26 2038.74 201.25
56.34 2038.96 328.85
47.01 2038.93 244.50
31.91 2038.92 221.95
57.00 2038.78 291.65
33.94 2039.29 115.01
58.57 2038.51 251.96
57.65 2038.90 245.84
44.72 2038.39 232.24
45.36 2037.85 249.45
58.97 2038.73 281.15
61.69 2038.32 197.53
66.05 2036.73 404.40
97.04 2034.38 281.86
69.85 2034.66 440.45
70.25 2036.82 316.31
41.02 2038.95 171.02
73.98 2035.78 356.95
23.07 2039.29 225.38
12.34 2041.05 109.70
71.50 2035.49 390.63
102.87 2034.37 328.31
10.53 2040.95 107.65
11.22 2040.73 107.47
94.97 2035.18 236.17
119.08 2033.97 248.12
10.28 2041.23 108.01
50.02 2037.63 297.51
16.04 2040.65 163.18
15.68 2040.92 157.83
45.12 2038.32 232.57
125.99 2035.38 175.85
14.02 2040.84 123.10
54.35 2038.44 314.66
14.99 2040.86 145.46
13.04 2040.94 112.75
41.97 2038.89 182.77
116.39 2034.99 218.56
14.32 2041.00 129.16
11.98 2040.71 109.18
46.67 2038.75 238.88
3.81 2041.12 214.46
84.32 2034.88 4000.00
80.61 2034.83 3975.63
112.10 2034.31 169.48
68.99 2037.08 312.61
106.14 2033.89 168.44
57.31 2038.63 271.67
108.05 2033.78 160.31
89.49 2033.94 372.97
68.57 2036.86 312.07
2.14 2042.14 169.16
92.77 2034.42 260.61
135.66 2034.49 173.51
30.06 2039.00 248.21
9.54 2039.82 320.85
118.55 2034.42 238.24
134.32 2034.74 129.07
1.00 2042.16 154.76
100.98 2035.01 303.75
2.25 2041.77 197.84
4.94 2041.63 189.72
136.90 2033.35 207.21
105.12 2033.98 296.57
24.67 2040.20 104.80
4.54 2041.46 190.75
99.68 2034.50 307.32
32.98 2039.49 150.44
8.62 2041.12 144.06
95.25 2034.94 225.45
27.68 2040.15 169.08
17.63 2040.89 174.10
88.61 2034.63 253.92
26.99 2040.07 155.44
27.34 2039.83 163.17
105.26 2033.50 366.65
97.67 2035.17 265.51
27.55 2039.36 198.92
26.23 2040.24 124.83
66.92 2036.04 358.89
34.53 2039.14 108.16
31.88 2039.41 168.31
62.32 2038.41 208.43
12.71 2040.72 112.38
29.37 2039.63 201.87
55.17 2038.06 354.01
29.72 2039.90 200.37
28.98 2039.90 196.58
17.86 2040.66 174.47
7.95 2041.16 153.40
31.59 2039.65 180.77
27.99 2039.93 174.54
139.96 2032.58 209.02
62.96 2038.22 236.94
19.66 2040.72 168.41
20.34 2040.63 152.08
37.34 2038.91 102.71
30.07 2039.72 197.93
18.52 2040.46 178.96
38.35 2039.12 121.81
18.95 2040.66 177.38
18.23 2040.78 174.55
35.10 2038.21 340.11
43.04 2037.99 233.62
19.99 2040.44 157.36
26.55 2039.86 149.51
23.99 2040.21 104.95
117.36 2035.06 223.20
51.97 2038.72 326.82
28.56 2038.74 293.27
20.67 2040.44 147.84
45.31 2038.74 215.25
22.30 2040.61 107.12
21.65 2040.63 124.26
32.61 2039.32 157.57
46.10 2038.34 247.96
25.85 2040.12 120.57
25.62 2040.39 105.84
40.69 2038.78 165.02
126.61 2035.32 167.60
35.29 2038.89 106.12
34.28 2039.44 109.30
61.07 2037.81 809.32
62.31 2037.87 233.19
84.89 2033.48 767.59
87.42 2034.64 130.80
87.05 2034.80 123.63
107.96 2034.24 108.79
104.27 2034.66 245.97
104.57 2034.43 231.68
103.55 2034.79 265.52
126.11 2033.70 254.24
64.14 2037.54 336.89
12.63 2040.21 164.23
44.05 2038.65 205.23
79.63 2035.22 390.49
106.96 2034.60 107.68
107.63 2034.46 108.51
32.29 2039.63 164.41
37.00 2039.21 101.26
104.97 2034.71 206.24
35.62 2037.55 834.13
106.62 2034.43 109.69
105.65 2034.58 149.83
57.91 2038.63 206.77
53.07 2038.98 311.97
87.70 2034.92 149.31
103.52 2033.94 320.12
1.70 2042.18 161.51
73.05 2035.47 386.38
86.72 2034.55 113.76
86.33 2034.83 108.78
10.91 2041.10 106.16
66.36 2037.60 368.02
69.41 2035.72 320.65
39.66 2038.98 143.33
52.32 2038.91 331.10
88.39 2034.24 212.85
102.94 2034.92 300.88
88.31 2034.93 200.10
85.32 2034.63 3190.26
89.37 2034.56 326.93
88.97 2034.81 285.16
89.73 2034.88 381.26
47.91 2038.46 278.37
44.31 2038.23 233.95
91.00 2035.00 330.42
28.31 2040.09 180.87
99.64 2035.13 297.04
103.16 2034.68 273.57
37.17 2038.49 116.94
84.99 2034.87 3995.41
110.31 2034.56 126.27
100.60 2034.77 298.72
98.35 2035.08 280.38
135.88 2033.96 179.36
81.67 2035.08 4000.00
137.63 2033.98 177.20
140.35 2033.53 111.75
22.59 2040.31 106.02
68.06 2035.87 337.58
133.99 2034.50 122.82
137.18 2033.84 179.34
25.24 2039.91 124.12
136.50 2034.12 176.18
18.54 2039.46 256.42
109.69 2034.55 111.50
136.33 2033.41 207.38
140.04 2033.35 122.76
8.31 2041.36 149.48
14.04 2040.41 152.03
80.34 2034.31 295.29
138.29 2033.97 170.93
83.92 2034.17 3999.67
138.88 2033.65 157.02
139.70 2033.59 131.62
17.61 2040.34 184.63
13.70 2041.03 116.59
137.91 2033.76 174.12
108.32 2034.54 106.90
14.11 2039.17 253.55
118.28 2035.22 225.41
136.27 2034.39 171.46
111.00 2034.47 147.41
48.56 2038.72 264.52
41.94 2038.55 197.49
111.69 2034.59 164.12
60.34 2038.62 660.01
113.41 2034.57 202.37
112.40 2034.56 181.95
41.68 2039.04 180.22
111.36 2034.26 156.39
69.85 2035.99 317.29
132.91 2034.88 112.06
133.25 2034.54 118.68
78.95 2035.33 366.45
71.14 2035.77 368.34
14.64 2040.70 140.24
114.38 2034.76 215.41
128.74 2034.45 183.93
114.77 2034.62 216.65
115.05 2034.92 216.97
61.07 2037.14 748.08
16.36 2040.83 167.18
113.69 2034.78 208.67
133.67 2034.70 117.81
110.64 2034.26 140.04
19.87 2039.97 209.19
108.67 2034.24 108.69
80.98 2035.02 3999.40
9.65 2041.25 124.25
42.29 2038.46 196.43
57.64 2037.85 539.27
92.07 2034.75 298.06
38.18 2036.66 902.33
57.01 2037.32 452.48
75.98 2035.46 580.11
56.38 2038.38 370.49
18.27 2039.94 204.06
92.71 2034.88 259.60
69.32 2035.20 429.47
25.00 2040.43 104.00
92.37 2035.05 270.93
100.28 2034.99 296.74
6.99 2041.50 173.57
138.13 2033.35 173.48
95.61 2035.10 219.70
112.04 2033.78 211.09
96.37 2035.01 224.02
93.70 2035.03 228.48
133.03 2034.01 209.10
97.04 2035.16 249.22
91.36 2034.73 311.84
91.70 2034.93 293.56
81.97 2034.88 4000.00
96.30 2033.45 420.68
71.95 2036.20 359.37
72.31 2036.38 350.09
95.98 2034.75 207.43
44.99 2039.00 213.80
70.93 2036.64 339.72
110.43 2033.77 174.85
69.72 2036.41 320.67
71.23 2036.31 353.45
40.34 2039.03 154.58
136.89 2034.19 176.58
71.63 2036.50 355.46
9.92 2040.63 161.85
75.65 2035.70 543.69
85.62 2033.95 120.98
11.65 2040.97 106.27
34.24 2038.72 161.20
74.17 2035.29 492.71
33.88 2038.85 177.84
85.30 2034.17 133.83
74.34 2036.04 387.98
86.30 2033.83 126.72
103.82 2034.47 248.13
87.66 2032.73 962.11
71.91 2035.74 392.88
30.96 2039.84 192.59
121.44 2034.50 240.58
69.35 2036.48 320.23
135.27 2034.26 168.07
97.38 2034.98 256.66
99.32 2034.98 294.24
28.39 2039.32 205.56
132.28 2035.05 107.57
88.00 2034.38 187.94
118.67 2034.99 227.75
107.26 2034.29 109.75
115.41 2034.78 217.08
96.75 2034.81 234.84
60.65 2038.41 515.12
128.39 2035.39 144.19
117.65 2035.24 223.83
54.00 2038.53 312.83
104.63 2033.99 297.36
119.05 2035.25 228.73
59.67 2038.59 621.06
128.03 2035.09 147.44
129.02 2035.42 136.57
119.67 2035.44 229.99
53.70 2039.05 292.84
129.32 2035.23 132.54
86.03 2032.08 224.70
122.40 2033.97 265.13
121.63 2035.48 227.30
120.27 2035.37 232.72
94.66 2035.01 242.91
109.02 2034.45 108.20
122.62 2035.13 218.62
120.58 2035.20 232.61
125.02 2035.46 192.51
122.99 2035.37 214.51
122.29 2035.52 221.71
132.52 2034.78 112.38
119.94 2035.21 230.77
99.92 2034.85 302.49
127.65 2035.35 153.55
127.27 2035.17 158.58
58.63 2038.03 420.26
62.62 2038.14 229.58
40.13 2038.40 209.10
123.35 2035.17 210.39
59.41 2037.50 696.72
124.02 2035.38 198.71
123.69 2035.57 202.95
38.69 2038.51 203.03
60.62 2038.00 1027.14
126.31 2035.54 172.07
126.96 2035.51 164.48
30.60 2039.41 210.20
59.31 2038.42 473.11
112.39 2033.33 243.58
130.27 2035.16 109.96
67.00 2037.56 354.11
17.31 2040.76 173.87
70.28 2035.99 320.61
9.93 2041.05 113.23
57.57 2038.36 270.42
105.98 2034.37 126.77
102.00 2034.73 328.13
90.70 2034.81 350.63
10.30 2040.55 151.45
3.62 2041.88 184.72
25.69 2039.31 240.12
4.27 2041.81 186.23
21.48 2039.29 315.77
99.25 2033.61 345.44
84.63 2034.22 3698.71
24.34 2040.38 104.29
25.29 2040.26 105.54
29.53 2039.08 251.19
30.35 2039.91 196.51
27.98 2039.47 198.31
28.62 2039.75 192.79
90.11 2034.71 394.28
90.74 2034.35 366.51
93.57 2033.85 298.43
95.03 2034.57 253.71
92.35 2034.30 288.84
93.00 2035.08 242.50
85.97 2034.16 115.38
90.37 2034.98 363.53
82.96 2034.87 4000.00
85.66 2034.85 395.83
79.25 2035.06 372.90
85.99 2034.60 104.39
84.15 2032.92 472.45
75.03 2035.14 510.24
74.64 2035.79 428.72
78.59 2035.19 361.14
106.98 2033.82 154.95
114.93 2033.73 250.51
106.33 2034.64 111.14
106.57 2033.95 159.15
101.67 2034.90 317.72
102.60 2034.80 308.44
132.96 2032.78 339.96
140.69 2033.26 110.52
139.24 2033.32 142.55
139.28 2031.45 403.97
134.94 2034.48 151.46
135.93 2034.30 171.07
129.67 2034.15 229.91
136.67 2032.19 296.45
134.26 2034.16 143.37
134.59 2034.39 145.35
131.03 2035.13 105.89
130.63 2034.89 108.58
116.35 2033.90 236.75
117.75 2034.71 228.15
115.09 2034.19 227.03
115.69 2034.99 215.97
113.06 2034.73 198.63
113.51 2034.12 218.96
109.37 2034.26 110.82
109.60 2033.78 173.85
99.02 2035.15 290.15
99.30 2034.62 306.26
98.13 2034.03 335.22
102.54 2034.47 346.52
100.68 2034.35 308.79
101.32 2034.73 312.16
97.44 2034.56 286.21
98.02 2034.91 274.83
94.36 2035.16 248.04
94.67 2034.65 264.32
76.59 2035.09 940.90
87.98 2033.37 380.70
82.29 2035.03 4000.00
87.64 2034.27 167.26
120.97 2035.48 231.17
121.87 2034.75 237.56
127.20 2034.12 216.59
126.57 2034.83 183.07
123.60 2034.71 210.96
124.32 2035.59 195.48
119.39 2035.15 229.13
119.66 2034.92 229.51
120.67 2034.74 242.30
121.92 2035.27 223.99
117.04 2035.17 222.33
117.39 2034.74 227.46
129.28 2034.88 152.53
132.26 2034.45 129.54
128.19 2034.52 181.52
129.63 2035.35 128.88
125.68 2035.60 185.53
125.94 2035.02 191.14
41.37 2038.80 175.79
42.43 2038.00 229.83
39.37 2037.95 214.35
46.56 2038.35 254.89
47.35 2038.77 249.64
47.52 2038.37 280.81
54.56 2038.01 351.04
54.00 2038.89 291.89
51.02 2039.02 275.43
51.32 2038.35 289.69
49.25 2038.68 277.94
49.29 2038.19 328.94
45.88 2037.88 245.81
63.60 2036.77 369.08
33.31 2039.27 142.10
34.45 2038.18 338.49
30.97 2038.72 258.78
40.60 2038.39 209.78
38.04 2038.87 107.55
38.27 2038.43 212.54
40.43 2037.57 270.57
39.10 2038.41 196.10
66.60 2036.60 390.78
67.21 2036.99 343.29
66.84 2036.98 349.87
67.85 2037.08 323.44
64.77 2036.98 378.88
19.57 2036.14 1158.94
63.28 2038.03 254.58
64.19 2037.10 368.33
55.21 2036.75 413.26
62.47 2037.31 487.91
60.01 2038.39 855.66
60.20 2037.96 1169.28
73.20 2034.78 523.45
75.25 2034.39 737.98
65.64 2036.25 464.76
71.59 2034.92 428.11
69.64 2037.01 313.60
69.08 2036.12 320.20
53.43 2038.83 307.57
53.45 2038.08 319.95
51.73 2038.24 301.27
47.76 2037.32 350.50
17.02 2040.91 172.14
17.28 2040.43 183.76
21.00 2040.69 138.37
21.94 2040.01 153.33
26.13 2037.80 600.05
25.58 2039.79 128.02
19.28 2040.43 174.58
19.37 2039.96 213.25
20.82 2040.03 174.40
21.95 2040.43 112.25
15.34 2040.65 152.40
15.47 2040.20 188.30
13.40 2040.73 115.38
13.65 2040.30 148.89
8.98 2041.30 138.37
30.64 2039.73 195.02
26.28 2039.26 241.64
14.44 2040.28 154.38
99.82 2033.95 337.43
102.97 2033.95 329.41
105.81 2033.43 345.51
131.68 2035.13 105.13
3.28 2041.74 187.76
131.91 2034.58 126.95
115.50 2034.33 225.88
116.07 2034.78 215.26
112.79 2034.41 187.49
113.11 2033.97 215.05
108.55 2033.79 157.51
117.56 2033.84 241.91
98.70 2034.91 285.12
98.90 2034.54 306.53
95.81 2034.13 203.21
93.21 2034.35 245.20
94.06 2034.88 257.73
95.22 2034.11 215.92
91.11 2033.10 342.64
94.76 2033.65 298.54
79.16 2033.78 579.19
84.07 2031.43 149.53
81.69 2032.45 389.22
72.61 2035.63 389.13
78.31 2035.44 370.79
92.14 2033.76 310.98
73.65 2036.04 341.08
78.46 2034.80 280.54
121.27 2035.27 229.10
121.13 2034.80 241.50
124.05 2034.91 207.39
124.68 2035.27 194.70
116.76 2034.89 219.99
117.98 2034.31 235.66
115.94 2034.31 225.80
131.48 2033.70 244.17
132.42 2034.02 209.31
131.96 2034.94 107.16
127.01 2034.69 181.74
135.88 2033.06 216.69
128.93 2034.84 154.77
129.90 2035.04 114.47
125.37 2035.28 190.70
126.23 2034.69 186.01
122.35 2034.61 235.81
126.03 2034.32 219.26
41.56 2038.46 199.22
41.37 2037.96 242.00
41.97 2036.78 503.67
53.70 2037.61 359.37
50.68 2038.71 261.12
50.89 2038.23 279.86
33.47 2038.80 198.44
33.21 2038.40 285.65
34.31 2036.74 1035.93
41.89 2037.60 248.40
84.64 2034.65 3999.95
69.89 2036.73 312.94
61.82 2036.78 613.78
67.56 2036.77 333.18
63.40 2037.67 360.23
63.13 2037.19 447.46
59.14 2037.97 415.69
59.98 2037.51 770.29
82.33 2034.31 4000.00
70.46 2034.86 422.31
72.61 2036.12 346.12
74.61 2035.33 494.49
69.30 2036.85 313.59
67.51 2036.20 348.83
77.62 2035.44 555.51
87.05 2032.92 869.83
53.65 2038.46 311.07
52.88 2038.14 321.73
16.71 2040.67 169.81
17.74 2039.94 203.21
15.96 2040.21 188.88
25.14 2038.91 261.53
21.32 2040.47 130.84
21.25 2040.08 172.72
23.28 2040.24 104.47
23.37 2039.80 152.90
22.36 2039.90 144.77
32.42 2038.85 216.45
11.32 2039.50 269.32
17.28 2039.51 216.01
9.29 2041.07 130.75
12.46 2039.12 283.54
11.91 2039.61 267.26
7.64 2041.41 162.07
10.45 2040.06 207.29
25.19 2038.10 651.57
32.64 2038.42 281.71
91.17 2034.26 350.94
88.46 2033.66 374.18
73.28 2035.91 346.85
90.11 2033.81 377.09
87.08 2033.66 199.95
86.12 2033.35 314.83
76.63 2035.50 684.89
78.63 2033.98 622.65
85.26 2032.38 193.74
75.29 2035.57 517.61
104.38 2033.51 342.52
108.77 2033.28 251.88
102.16 2034.38 359.37
101.93 2033.87 325.47
141.37 2031.97 222.69
141.01 2033.35 107.66
135.44 2033.89 179.57
135.33 2033.40 213.45
131.37 2034.94 106.16
131.27 2034.19 162.49
127.85 2034.02 214.25
134.13 2033.57 232.49
113.95 2034.08 221.52
114.08 2032.99 281.94
114.26 2033.66 249.84
112.99 2033.45 247.67
94.92 2032.97 368.26
101.17 2034.33 310.04
94.29 2034.52 280.57
94.19 2033.97 312.65
97.65 2033.35 420.20
72.27 2035.44 395.75
117.80 2033.02 294.49
124.49 2034.80 205.11
123.55 2034.05 258.50
124.67 2034.25 233.38
117.02 2034.59 226.69
116.97 2034.09 238.60
129.11 2033.93 247.57
129.64 2034.71 142.97
125.54 2034.92 195.65
125.20 2034.12 235.97
49.80 2038.19 320.23
46.32 2037.51 277.87
82.45 2033.67 3952.25
84.24 2033.94 3982.46
68.60 2036.27 323.38
87.54 2033.84 302.04
16.92 2040.33 183.81
16.78 2039.81 208.90
19.11 2039.49 257.66
23.86 2039.79 153.84
24.85 2039.83 124.69
24.64 2039.31 251.94
9.23 2040.62 201.36
7.91 2039.64 265.82
8.58 2040.71 193.16
5.64 2041.63 185.12
9.58 2040.38 182.57
30.25 2039.37 213.24
30.43 2038.51 266.38
90.36 2034.26 388.14
86.71 2034.00 125.85
72.61 2034.40 508.72
83.09 2033.54 3942.79
139.35 2032.72 220.99
141.43 2032.64 139.34
140.42 2029.82 871.00
5.93 2040.29 240.00
131.54 2034.55 127.30
130.71 2034.33 166.23
113.45 2032.86 278.80
121.81 2033.49 276.91
10.14 2038.75 547.63
27.97 2038.20 307.04
20.62 2039.62 220.15
24.41 2037.53 831.37
8.88 2040.45 201.83
5.94 2041.30 182.34
8.72 2039.99 271.91
1.36 2041.97 159.78
10.03 2039.58 305.21
6.30 2041.47 180.46
7.30 2041.25 167.47
29.17 2038.59 297.05
34.02 2037.59 509.53
88.00 2034.76 169.46
102.41 2033.54 375.84
4.23 2040.98 212.01
9.04 2039.59 349.53
3.89 2041.63 184.84
8.06 2038.88 535.77
8.76 2038.86 539.75
7.91 2040.70 186.28
7.19 2040.80 195.37
6.63 2041.24 178.20
6.75 2040.77 198.05
140.21 2032.95 145.26
141.45 2033.01 107.86
137.87 2032.82 241.28
140.83 2030.96 425.48
2.99 2042.01 191.39
3.16 2041.34 219.57
5.25 2041.37 187.48
5.30 2040.91 209.86
0.41 2040.86 368.09
6.82 2039.68 258.77
8.23 2040.49 192.46
5.78 2040.86 209.72
7.49 2040.50 191.64
8.29 2040.01 262.32
140.87 2032.19 217.19
140.63 2032.91 140.90
141.76 2032.28 190.78
2.65 2041.71 196.24
3.42 2040.97 222.32
2.57 2040.74 308.06
5.25 2039.15 471.21
1.77 2041.31 217.51
1.33 2041.47 209.48
6.44 2040.24 232.53
7.42 2039.91 257.73
140.93 2032.62 143.12
141.78 2033.13 105.53
2.76 2041.27 221.60
1.98 2040.70 322.34
140.33 2032.11 226.60
7.41 2038.32 539.42
0.22 2042.03 155.70
0.74 2041.32 210.87
140.05 2031.49 392.04
141.61 2031.36 424.84
1.57 2040.12 459.20
0.55 2041.82 156.96
3.04 2040.49 294.23
9.38 2038.25 558.55
12.92 2039.62 223.13
76.98 2034.95 863.06
72.97 2036.28 346.24
103.80 2033.43 343.35
102.53 2032.81 452.41
110.68 2033.22 259.08
111.29 2033.20 262.38
44.22 2037.53 285.46
46.77 2037.90 307.96
31.48 2038.50 256.21
32.37 2037.82 434.70
39.93 2037.97 222.55
40.86 2037.92 244.13
76.16 2035.02 946.08
82.59 2034.71 4000.00
56.34 2037.71 405.26
60.40 2036.89 1148.88
77.25 2035.33 633.42
75.90 2034.33 747.88
100.35 2033.87 334.03
101.40 2033.82 320.83
48.38 2037.65 314.55
47.28 2037.90 312.07
83.45 2034.12 3999.84
76.96 2035.63 671.20
17.48 2038.84 337.26
21.57 2039.81 179.45
14.68 2039.67 217.06
16.28 2039.73 208.01
107.21 2033.21 359.70
106.00 2032.79 497.70
38.42 2037.39 464.93
59.10 2037.00 574.84
32.83 2037.34 536.22
52.31 2032.61 878.65
63.65 2036.07 505.04
138.20 2032.21 292.72
51.64 2037.18 315.84
83.98 2034.69 4000.00
77.13 2034.44 630.11
74.49 2033.97 656.27
52.86 2037.05 354.58
48.92 2037.56 334.12
22.54 2039.34 234.10
24.11 2039.27 268.29
85.29 2033.17 454.30
70.61 2035.58 359.84
100.84 2033.42 321.98
109.68 2032.62 445.32
131.64 2032.62 379.92
138.50 2030.77 470.05
80.29 2035.17 1370.62
99.10 2032.92 514.94
61.09 2035.01 1036.68
53.66 2035.77 442.62
119.70 2034.34 245.67
120.29 2034.19 253.28
120.64 2033.62 281.27
131.09 2029.58 973.76
128.87 2033.37 332.98
132.24 2032.96 349.72
96.98 2033.64 413.17
21.87 2038.10 660.31
81.32 2034.81 3999.99
84.62 2032.18 194.69
20.13 2039.57 217.34
19.38 2039.03 291.98
130.22 2033.90 215.57
132.09 2033.61 253.22
4.44 2040.43 240.67
5.02 2040.43 237.99
6.65 2038.85 514.97
15.80 2039.23 227.09
0.77 2040.24 478.21
2.58 2038.97 624.90
12.40 2038.21 790.30
13.47 2039.67 223.14
10.89 2038.64 549.37
15.24 2039.64 216.34
79.48 2034.25 308.76
79.87 2034.42 284.03
78.71 2034.51 278.33
89.03 2033.43 373.34
104.78 2033.11 371.58
111.62 2032.63 320.28
103.91 2032.00 613.53
108.48 2031.91 934.98
109.35 2033.26 257.81
112.20 2032.72 321.30
108.28 2032.79 323.26
112.75 2030.76 545.08
36.94 2037.39 534.69
50.62 2037.65 293.27
44.87 2037.22 304.83
57.34 2036.37 516.24
38.05 2037.95 303.82
39.10 2037.41 447.93
83.67 2034.93 4000.00
60.05 2036.32 784.49
58.26 2037.62 503.16
58.47 2037.05 550.24
52.56 2037.67 331.32
53.43 2037.06 364.99
72.11 2034.89 436.11
23.54 2038.03 690.49
98.72 2034.08 335.21
99.79 2032.12 605.44
49.40 2037.09 335.79
54.27 2037.57 360.71
45.38 2036.39 542.22
54.45 2036.90 411.32
110.83 2031.69 589.55
81.84 2033.27 3896.11
15.98 2038.30 500.64
23.57 2038.85 261.70
11.43 2037.84 774.56
19.73 2038.15 396.87
107.81 2033.21 326.45
104.74 2032.32 626.62
106.80 2031.70 599.70
111.46 2031.75 546.08
31.72 2037.82 435.89
33.39 2037.75 514.93
77.71 2034.36 605.44
32.75 2036.43 1064.91
51.91 2036.54 349.55
53.89 2036.56 405.01
22.02 2038.93 313.03
30.18 2037.95 388.38
121.76 2032.87 376.52
90.40 2033.17 308.74
116.10 2033.08 268.34
121.33 2033.87 277.99
125.53 2034.51 225.29
125.55 2033.46 269.64
86.49 2032.78 611.19
77.93 2035.22 372.57
19.90 2039.09 290.99
20.96 2039.14 298.64
130.46 2033.18 311.23
131.15 2033.13 310.76
3.22 2039.81 378.79
5.43 2039.92 250.87
4.40 2038.96 471.41
4.01 2039.74 356.16
30.50 2037.20 573.67
31.28 2037.12 587.65
89.26 2032.74 272.45
84.40 2033.44 962.04
83.29 2034.65 4000.00
39.52 2036.67 657.78
46.31 2036.65 563.78
58.19 2036.32 543.38
118.75 2033.03 296.75
122.97 2033.63 265.48
124.18 2033.70 256.89
130.52 2031.58 624.23
52.52 2036.47 344.95
18.64 2038.25 395.27
78.01 2034.80 306.59
73.84 2034.68 564.48
19.24 2038.45 390.34
20.14 2038.59 362.81
20.70 2038.59 365.79
21.07 2037.91 607.40
128.15 2033.39 334.50
133.41 2033.42 237.53
36.29 2037.75 603.93
107.71 2029.99 1332.02
138.94 2032.21 293.35
110.37 2032.59 425.88
47.24 2036.46 591.74
81.93 2034.46 4000.00
18.22 2038.79 336.45
19.83 2037.56 659.64
129.95 2032.44 427.99
133.23 2031.87 439.42
65.88 2035.60 433.42
112.53 2032.16 389.03
106.74 2032.63 462.08
59.32 2036.44 733.94
113.19 2032.19 381.77
103.37 2032.71 462.54
105.40 2032.08 607.79
51.95 2037.73 320.83
50.97 2037.10 320.37
18.49 2037.35 671.13
22.48 2036.38 1244.06
60.17 2035.39 902.87
78.07 2033.83 630.05
81.30 2033.82 3891.34
79.36 2032.98 1080.40
72.87 2032.58 563.92
78.42 2031.22 473.30
76.48 2033.89 739.45
82.37 2031.66 136.34
89.56 2031.37 730.21
101.68 2032.02 566.79
83.42 2032.87 647.41
83.19 2031.90 147.81
37.73 2034.66 863.73
31.84 2036.19 1057.25
112.06 2031.43 515.38
116.95 2032.45 299.91
52.87 2035.69 423.17
68.75 2034.19 582.08
58.75 2035.91 623.82
59.19 2035.11 821.83
49.47 2036.34 478.17
50.30 2035.98 438.59
77.82 2033.07 799.51
91.05 2031.58 637.29
109.30 2031.77 910.58
108.68 2027.79 2130.39
50.85 2036.37 402.57
51.48 2036.04 389.01
52.39 2035.12 439.35
54.47 2035.04 514.89
47.73 2035.47 679.42
52.37 2034.34 697.52
50.38 2035.00 511.13
51.62 2035.40 449.65
119.53 2032.28 348.41
123.64 2032.21 407.36
7.38 2037.38 1183.78
20.61 2037.32 672.17
100.73 2032.45 592.53
110.10 2031.09 812.16
13.21 2037.58 833.10
17.53 2037.09 672.32
113.61 2031.30 494.18
125.60 2031.87 598.41
6.14 2034.36 1475.92
10.02 2036.34 1225.69
1.77 2039.16 648.00
5.83 2038.50 538.14
122.88 2032.61 383.46
131.50 2031.82 614.28
84.37 2030.45 761.15
88.07 2032.00 600.42
37.34 2036.62 923.30
40.29 2036.81 649.21
35.78 2035.61 747.23
42.98 2036.52 465.17
20.60 2036.43 1166.96
28.24 2037.25 613.74
93.28 2033.23 359.64
93.60 2032.45 571.29
107.71 2031.25 578.25
129.37 2025.51 1464.07
95.87 2032.75 395.42
102.07 2030.92 1011.06
16.94 2038.05 484.68
19.18 2036.95 702.45
68.11 2035.17 468.73
68.74 2034.90 463.36
29.45 2037.95 389.30
29.11 2037.15 585.70
52.96 2033.55 874.21
69.46 2034.01 581.48
76.80 2033.04 776.79
80.70 2032.14 465.59
108.78 2029.25 1730.80
122.94 2030.04 956.24
41.08 2036.25 667.28
55.46 2035.68 513.35
51.07 2034.76 500.30
51.44 2034.07 690.87
120.55 2032.69 367.19
121.19 2032.32 380.07
120.51 2029.91 859.76
128.47 2032.07 443.86
38.93 2036.14 878.43
48.87 2035.48 613.99
35.25 2036.67 1017.67
29.94 2035.40 1263.96
105.85 2031.33 631.95
105.48 2030.18 1076.17
16.93 2033.68 2116.12
29.78 2036.57 617.79
66.60 2035.51 423.55
67.48 2034.48 490.56
23.50 2035.74 1207.60
52.57 2028.64 917.72
72.25 2033.51 557.55
80.62 2030.89 265.56
36.36 2032.84 1084.77
57.32 2031.61 846.01
119.30 2030.94 680.56
127.17 2030.91 914.76
121.69 2031.78 434.29
122.26 2032.33 384.72
16.07 2035.71 1338.25
35.13 2034.70 872.87
67.96 2033.84 594.30
78.58 2032.42 894.56
75.03 2031.78 674.76
81.78 2030.50 216.28
64.44 2035.81 497.17
65.47 2034.99 491.61
126.71 2033.50 247.12
127.84 2032.70 442.37
0.36 2039.41 669.14
0.97 2038.62 718.24
55.64 2037.46 389.17
54.15 2033.78 880.82
132.38 2031.24 572.88
134.67 2033.10 223.91
71.24 2033.55 569.08
69.65 2033.32 617.59
137.15 2032.78 244.52
135.97 2032.40 305.87
114.58 2031.46 512.48
117.99 2030.37 673.49
114.79 2032.48 297.01
115.34 2033.00 271.06
45.54 2033.82 872.39
49.35 2033.43 824.11
91.53 2032.32 409.51
92.53 2033.19 334.66
90.01 2032.60 287.64
91.34 2030.87 867.45
92.26 2032.39 457.72
92.91 2031.88 647.16
99.35 2030.16 1721.64
95.91 2031.69 953.31
88.91 2032.03 533.86
90.24 2031.80 618.11
27.54 2036.44 847.68
36.90 2035.62 721.99
9.19 2037.19 1122.24
14.14 2035.59 1561.39
14.14 2038.17 699.01
15.16 2037.58 602.35
2.96 2038.06 887.61
4.54 2037.04 1251.85
128.26 2031.13 872.54
136.95 2031.26 397.02
33.59 2035.98 1056.61
33.88 2034.99 922.01
27.38 2038.67 302.75
26.40 2036.77 910.89
94.36 2032.32 569.43
94.85 2031.35 791.15
80.62 2033.74 3718.59
80.18 2032.88 1202.03
118.78 2028.04 1627.03
110.04 2029.91 1733.85
51.29 2033.15 886.30
55.36 2030.38 909.79
65.55 2033.48 956.16
69.34 2031.73 723.21
64.71 2035.07 496.47
66.80 2034.65 483.02
62.00 2035.78 659.37
62.98 2035.46 605.45
127.04 2032.71 436.30
129.16 2032.56 416.98
0.74 2035.40 1330.18
4.00 2038.12 886.09
134.06 2031.68 408.98
137.76 2031.24 401.79
86.48 2030.91 1519.79
85.72 2030.01 1027.32
87.63 2030.83 1549.51
94.43 2029.17 1139.25
130.17 2030.51 966.81
136.38 2028.59 999.59
27.80 2035.24 1295.73
35.32 2033.52 1076.97
42.36 2034.37 993.93
63.50 2032.89 1100.25
64.46 2033.57 1010.95
66.03 2034.28 510.40
63.25 2034.57 612.43
64.19 2034.44 569.26
125.19 2032.77 380.75
126.59 2031.86 592.17
135.42 2032.00 329.22
134.54 2030.95 424.48
132.31 2030.07 950.70
138.86 2029.67 869.77
61.50 2033.70 769.64
56.48 2032.92 808.45
121.72 2030.61 901.68
131.76 2027.25 1230.80
134.67 2032.34 344.23
134.52 2029.90 950.20
43.38 2035.31 1026.27
49.54 2034.57 556.11
92.92 2030.87 811.93
103.45 2030.99 1032.41
74.20 2032.87 566.61
88.39 2030.03 1827.92
65.95 2032.44 986.65
70.56 2032.96 595.67
19.11 2035.02 1678.44
31.23 2035.10 1214.14
92.19 2030.44 955.38
99.17 2031.23 881.26
1.35 2036.60 1296.26
8.17 2036.76 1156.62
84.40 2028.22 1760.58
94.11 2030.48 1081.75
125.00 2030.87 888.47
135.41 2031.26 425.23
62.68 2033.58 858.25
70.43 2031.91 696.76
60.68 2032.80 696.76
60.83 2031.51 953.78
124.35 2032.88 380.32
123.87 2031.09 872.62
129.41 2027.90 1259.65
141.20 2028.82 1106.01
67.99 2032.96 689.80
68.97 2032.62 643.55
135.79 2029.68 946.90
136.24 2030.73 434.60
59.49 2030.86 914.39
75.28 2029.08 821.28
67.52 2030.93 1044.12
77.15 2030.80 522.60
5.53 2037.23 1222.04
15.20 2036.38 1401.88
22.59 2037.53 688.00
21.43 2035.85 1270.50
111.19 2028.76 1851.44
127.38 2028.83 1435.02
24.47 2036.40 1099.79
25.88 2028.90 1535.38
9.69 2035.10 1688.77
13.17 2036.19 1474.73
55.02 2032.72 840.70
56.61 2035.42 567.58
31.92 2033.83 1279.57
0.61 2037.57 1183.17
34.14 2032.89 1093.39
44.76 2035.22 1035.27
41.08 2035.05 990.15
38.68 2032.49 1028.16
48.02 2032.89 825.13
98.09 2032.71 522.08
96.88 2031.12 1037.31
85.74 2028.63 1639.21
106.44 2029.30 1186.25
2.52 2036.90 1317.19
2.41 2034.05 1348.15
82.36 2029.36 397.79
83.68 2029.37 503.34
124.96 2028.53 1700.95
125.53 2029.79 1372.88
31.30 2032.55 1410.77
25.52 2035.94 1072.05
20.01 2034.04 1961.86
23.50 2034.45 1548.46
7.87 2035.62 1687.54
16.39 2030.94 1875.16
3.85 2029.39 1642.27
3.64 2036.14 1394.46
91.83 2029.68 2503.06
106.38 2028.05 2148.38
89.47 2030.55 1972.06
90.23 2029.90 2252.25
72.63 2028.92 966.43
91.97 2028.59 629.22
21.30 2034.58 1868.47
29.01 2034.67 1261.04
14.57 2034.15 2031.02
17.92 2034.87 1697.20
86.67 2027.59 1084.59
98.24 2025.11 1757.35
82.72 2026.73 1513.24
87.05 2024.67 1311.68
84.78 2025.84 1307.74
79.52 2010.65 2265.30
105.38 2027.18 2064.02
128.82 2024.23 1608.05
134.26 2026.87 1198.04
139.60 2026.67 1372.19
100.32 2029.55 1740.19
101.47 2029.84 1704.37
71.12 2031.08 803.53
69.30 2029.71 1187.50
56.63 2030.38 925.41
68.74 2030.81 1011.62
116.86 2031.24 585.50
116.60 2028.31 1420.68
25.72 2034.67 1238.83
22.35 2033.81 1725.28
26.86 2034.30 1222.42
52.25 2026.05 1085.39
125.69 2027.55 1516.29
133.45 2029.30 946.57
18.83 2031.94 1921.56
29.75 2032.25 1447.37
11.69 2034.42 1782.08
3.62 2034.82 1317.37
7.08 2033.26 1582.37
24.77 2032.22 1741.05
89.00 2026.41 1093.93
84.02 2027.10 1498.48
58.66 2034.15 630.97
59.40 2029.76 1005.97
53.43 2030.91 877.73
58.61 2031.75 843.85
67.12 2028.54 1012.24
80.51 2024.81 1273.43
23.46 2031.49 1767.68
27.38 2032.95 1668.48
33.28 2033.88 1194.20
35.18 2031.01 1220.38
28.82 2033.14 1633.81
34.09 2031.78 1235.37
48.98 2018.03 1533.70
50.20 2031.29 896.70
123.50 2028.56 1741.33
126.93 2027.79 1488.26
22.22 2032.46 1849.77
24.67 2033.83 1482.14
81.77 2027.84 1615.68
84.01 2024.77 1252.19
54.59 2031.41 881.86
57.24 2026.10 1211.73
66.67 2029.95 1427.06
69.30 2027.23 1243.42
62.87 2030.95 1119.92
60.95 2025.80 1516.58
76.01 2024.05 1167.07
82.65 2025.36 1251.52
19.89 2032.77 1928.02
31.54 2028.70 1269.40
117.82 2029.01 1425.72
107.22 2026.01 2011.22
128.78 2026.61 1445.27
129.02 2030.24 997.02
79.25 2028.72 1046.07
80.34 2027.51 1472.13
81.11 2022.02 1389.92
95.99 2019.98 2170.96
28.56 2029.75 1407.14
32.01 2031.23 1265.87
21.59 2029.78 1737.06
24.35 2027.36 1554.99
124.83 2025.62 1635.24
129.84 2023.39 1613.57
23.27 2027.24 1558.91
71.72 2017.09 1996.05
21.05 2031.96 1867.68
23.16 2030.21 1725.23
13.79 2033.18 2059.39
26.50 2027.40 1476.39
23.74 2029.25 1596.24
26.34 2031.71 1686.02
127.51 2026.67 1462.71
130.56 2025.33 1450.94
126.76 2025.87 1537.14
127.63 2023.89 1625.14
120.16 2028.37 1649.70
125.34 2020.89 2039.46
127.26 2022.45 2010.86
134.66 2023.10 1833.05
131.97 2023.81 1571.69
138.00 2028.52 996.16
6.32 2036.63 1238.96
4.83 2033.94 1398.39
5.68 2027.66 1700.00
8.55 2034.80 1730.20
6.61 2035.54 1707.16
8.24 2033.62 1677.08
8.83 2029.66 1737.62
10.72 2029.42 1770.63
10.04 2033.10 1829.06
10.43 2034.18 1790.49
10.60 2032.07 1859.19
12.35 2033.38 2036.93
12.06 2035.69 1401.51
11.12 2036.70 1237.99
7.92 2030.13 1725.64
17.17 2029.62 1762.56
11.65 2032.11 1888.88
13.89 2031.70 1923.85
88.66 2028.91 508.88
89.92 2028.86 497.97
135.67 2027.16 1186.04
141.49 2026.21 1448.65
104.20 2029.91 1099.13
138.46 2027.06 1290.49
103.49 2028.62 1629.76
103.19 2026.11 1771.24
110.07 2023.92 2011.87
105.89 2025.90 2006.69
107.56 2027.28 2096.61
101.59 2026.22 1755.94
125.02 2023.28 1985.55
103.79 2024.79 2015.98
105.19 2024.74 2001.69
126.32 2014.67 1997.30
131.90 2013.28 1948.98
113.99 2026.73 2387.69
113.94 2028.25 1516.12
100.06 2027.98 1623.86
104.09 2027.35 1987.96
95.90 2028.70 1253.43
88.05 2014.79 2288.97
102.14 2028.64 1657.01
101.14 2027.47 1621.21
98.84 2027.82 1625.00
100.93 2024.91 1802.39
103.06 2023.78 1965.77
100.50 2022.25 1995.30
93.59 2026.54 1378.10
85.30 2022.67 1485.38
121.37 2018.80 2011.51
97.20 2022.31 1903.49
115.49 2030.64 595.70
116.86 2026.97 1913.06
111.09 2026.45 2101.22
123.52 2025.69 1661.31
115.40 2029.08 1381.44
118.24 2026.81 1896.12
112.58 2029.33 1601.14
113.06 2025.74 2242.15
118.85 2025.46 2128.97
121.11 2027.09 1792.03
128.05 2013.48 1989.28
139.15 2022.79 1705.57
53.53 2029.59 845.74
54.33 2027.24 1018.03
78.41 2024.25 1238.19
79.86 2026.04 1322.39
18.62 2029.49 1751.56
44.07 2013.26 1933.29
79.92 2008.10 2667.68
132.18 2017.67 1908.25
129.84 2021.86 1949.30
131.22 2021.30 1929.07
132.59 2024.99 1407.73
141.37 2023.60 1640.18
135.98 2024.83 1488.42
140.86 2024.94 1529.88
84.21 2023.55 1446.41
127.64 2010.47 2019.86
110.84 2027.51 2155.25
109.30 2025.11 1951.67
55.04 2028.34 962.77
56.27 2028.07 971.27
79.52 2030.30 347.47
78.50 2025.66 1330.22
76.30 2031.97 647.98
77.69 2028.17 1002.55
73.49 2024.52 1060.61
74.63 2023.42 1122.57
74.48 2030.37 753.84
76.68 2029.31 829.92
77.41 2026.57 1366.56
79.58 2023.74 1254.95
73.16 2030.19 762.64
72.84 2026.71 1270.59
74.94 2026.55 1386.98
76.07 2025.87 1376.94
58.55 2026.47 1245.72
77.26 2023.33 1203.81
71.20 2025.13 1173.00
79.84 2022.40 1363.83
77.50 2022.00 1301.31
81.71 2024.51 1272.88
85.97 2018.84 2004.52
82.05 2023.05 1414.01
81.53 2020.76 1596.72
83.20 2022.68 1433.81
81.25 2017.05 2203.43
99.47 2022.92 1945.54
82.87 2020.51 1614.89
83.59 2021.40 1616.91
81.51 2018.77 1882.84
83.19 2019.41 1918.08
78.90 2021.58 1324.38
79.51 2016.08 2475.64
84.21 2018.87 1959.79
84.87 2021.27 1628.97
80.71 2016.02 2478.78
115.82 2022.92 2070.21
109.51 2022.50 1970.87
90.48 2026.66 1095.92
124.02 2020.79 2041.95
127.87 2019.77 2011.78
128.44 2021.26 1977.55
132.40 2022.58 1873.23
140.70 2027.34 1394.42
139.76 2025.21 1533.17
137.58 2026.02 1280.04
138.92 2024.34 1574.31
141.21 2017.90 1836.58
138.82 2019.40 1812.52
135.47 2021.03 1848.09
140.50 2022.32 1696.45
86.42 2017.71 2313.28
137.03 2000.03 2146.89
99.56 2024.42 1782.89
96.88 2023.99 1792.68
137.59 2000.94 2131.46
134.11 2004.11 2085.39
95.45 2024.52 1761.16
82.34 2010.67 2205.71
109.60 2027.19 2135.77
109.85 2026.13 2090.72
111.78 2021.70 1936.23
113.88 2024.52 2279.97
107.97 2024.97 1944.86
111.86 2025.62 2178.78
120.93 2011.93 2042.88
119.29 2021.92 2071.07
126.76 2011.71 2026.92
116.71 2024.83 2358.06
110.34 2021.47 1933.79
80.71 2013.11 2055.70
136.36 2005.72 2042.76
126.14 2019.68 2013.61
52.43 2031.45 886.26
54.67 2029.32 844.07
50.30 2032.65 878.51
44.88 2032.42 963.96
53.58 2014.26 1818.39
51.34 2029.13 944.28
50.80 2025.91 1083.48
57.19 2029.05 968.91
55.04 2026.32 1113.27
77.59 2017.74 1913.29
72.37 2031.31 795.54
70.59 2029.80 1138.55
53.92 2024.69 1202.93
80.87 2017.93 1918.10
74.21 2021.94 1019.02
78.89 2020.24 1435.89
116.90 2022.26 2064.18
120.70 2022.29 2083.74
131.20 2018.74 1931.04
136.36 2020.10 1827.62
133.64 2022.28 1865.73
133.81 2025.30 1399.94
133.44 2019.87 1889.32
108.11 2022.38 1968.97
141.14 2020.78 1765.00
78.73 2004.50 2607.74
79.13 2009.31 2759.28
95.14 2026.07 1453.85
87.45 2020.31 1947.17
112.06 2018.44 1979.99
78.21 2011.44 2286.31
121.45 2013.99 2023.77
115.14 2026.02 2372.27
81.75 2014.03 2172.71
115.80 2024.13 2326.21
55.70 2024.48 1267.32
59.00 2027.67 1165.11
53.01 2027.27 1012.81
56.32 2026.86 1129.75
49.89 2026.95 1049.81
52.86 2024.85 1192.14
72.16 2024.11 1037.28
72.65 2021.70 1063.08
76.00 2020.64 1166.90
77.78 2019.93 1392.87
125.89 2022.17 2028.43
127.10 2012.83 2001.56
125.47 2024.43 1637.08
118.13 2023.01 2081.53
130.17 2007.74 2038.33
137.88 2015.97 1871.04
122.72 2027.16 1765.17
122.80 2024.26 1970.71
123.21 2021.83 2065.28
123.66 2023.05 2016.40
105.64 2020.18 1931.17
85.75 2016.84 2346.38
134.15 2020.92 1855.34
135.77 2022.33 1800.00
131.76 2019.95 1894.27
136.10 2018.79 1858.71
136.91 2024.07 1583.25
134.80 2024.38 1473.21
96.26 2027.13 1610.55
138.28 2018.09 1847.22
93.23 2028.06 779.25
97.93 2026.70 1654.55
98.28 2029.22 1671.29
94.29 2023.54 1672.29
122.66 2017.69 2006.73
92.66 2025.51 1317.12
90.86 2024.18 1463.51
114.47 2018.00 1988.98
128.80 2005.69 2077.92
132.46 2011.12 1979.95
115.89 2018.59 1991.88
126.02 2017.05 1996.48
107.44 2021.27 1955.12
82.35 2016.86 2212.05
76.94 2010.62 2343.65
83.62 2015.30 2466.35
125.26 2011.76 2029.40
134.97 2002.08 2121.28
83.81 2011.36 2180.36
118.73 2014.87 2004.89
90.54 2021.16 1773.39
139.13 2002.28 2104.42
129.56 1998.70 2186.91
136.88 2001.81 2122.87
84.47 2015.77 2469.80
120.25 2008.34 2106.24
116.82 2012.65 2029.01
130.90 1998.57 2185.37
122.66 2013.23 2025.60
115.37 2007.71 2148.25
123.83 2013.73 2025.61
139.36 1999.86 2146.36
112.89 2015.94 2006.61
116.23 2026.09 2330.04
114.91 2024.79 2312.78
111.39 2024.12 2028.04
117.95 2024.37 2333.64
54.95 2011.43 2028.13
55.16 2023.32 1221.04
60.98 2022.70 1288.66
71.74 2022.76 1129.74
74.98 2017.82 2171.95
77.16 2018.94 1384.61
126.71 2024.75 1618.62
125.58 2026.45 1561.28
120.34 2025.41 2077.05
121.23 2024.06 2015.39
130.03 2018.12 1945.90
133.92 2018.73 1874.60
137.05 2017.93 1850.37
137.85 2020.55 1819.40
120.44 2013.15 2024.52
116.45 2013.94 2006.87
112.26 2022.94 2062.14
98.98 2020.94 1980.72
47.88 2028.60 987.80
52.27 2023.66 1198.89
45.49 2031.03 1110.78
53.24 2018.22 1362.46
53.20 2022.81 1210.32
53.00 2021.44 1175.60
51.08 2023.40 1194.65
54.13 2023.43 1219.27
48.31 2022.84 1178.10
50.60 2022.05 1207.28
48.91 2024.21 1155.05
69.27 2016.84 1843.51
55.75 2015.57 1619.56
63.51 2027.19 1056.35
55.78 2022.37 1205.33
54.83 2025.28 1218.49
54.02 2020.66 1144.09
66.41 2015.73 1756.44
57.87 2021.61 1189.44
56.84 2024.76 1279.77
70.47 2017.66 1920.82
66.06 2027.51 1054.58
57.65 2023.82 1290.64
60.26 2027.95 1121.39
76.90 2021.02 1225.77
76.08 2019.26 1392.41
73.06 2019.24 1511.72
78.93 2017.46 1903.80
75.50 2016.86 2227.69
76.61 2016.63 2264.09
73.97 2017.26 2138.08
78.68 2015.03 2179.61
72.12 2020.24 1534.82
74.92 2020.86 1136.04
69.47 2023.48 1269.24
70.72 2020.04 1579.73
58.15 2019.46 1216.83
55.33 2021.20 1142.60
66.10 2018.43 1601.03
78.03 2012.68 2102.95
125.29 2018.33 2003.45
133.53 2015.85 1918.06
134.94 2017.12 1886.13
140.10 2013.60 1919.23
125.40 2015.71 2011.96
95.99 2021.36 1906.79
117.08 2020.82 2014.76
111.98 2013.59 2015.70
119.20 2013.44 2023.65
86.85 2011.77 2247.01
100.17 2019.63 1999.29
140.49 2002.40 2104.17
37.51 2024.30 1334.38
65.18 2005.36 2719.30
46.17 2021.85 1183.18
51.59 2020.93 1189.19
59.07 2024.03 1299.09
59.58 2025.35 1454.26
63.46 2021.06 1359.70
61.18 2027.22 1099.06
70.37 2022.48 1172.00
64.65 2028.01 1033.31
62.12 2023.48 1325.81
62.15 2024.98 1540.29
60.97 2021.31 1184.34
63.57 2022.72 1338.52
65.38 2030.23 1386.86
62.36 2027.80 1044.34
56.16 2020.11 1113.02
59.40 2019.83 1235.49
64.89 2023.57 1422.06
63.53 2025.79 1419.49
62.37 2028.98 1146.65
64.43 2029.34 1300.38
68.56 2021.03 1557.24
69.87 2024.79 1169.85
64.81 2025.14 1356.04
66.19 2026.03 1283.51
117.42 2015.08 2003.68
93.53 2019.80 2190.89
71.74 2015.68 1987.99
70.47 2014.81 1955.97
128.64 2018.40 1956.09
131.67 2016.54 1933.47
140.35 2019.44 1808.65
141.07 2015.09 1892.07
55.07 2014.24 1814.61
60.07 2011.37 2043.03
55.77 2012.90 1951.18
62.24 2017.87 1532.80
61.35 2007.35 2485.42
74.89 2012.99 2178.42
77.13 2015.30 2139.41
79.13 2013.63 2031.70
72.83 2014.80 2029.16
76.37 2014.31 2026.64
131.93 2009.75 2008.97
84.58 2016.96 2327.82
78.52 2002.37 2595.54
82.57 2015.89 2479.89
115.33 2015.81 2002.36
121.83 2021.27 2066.47
101.46 2022.63 1994.89
82.91 2017.60 2169.18
76.83 2013.10 2116.64
135.12 2003.37 2087.92
118.60 2020.41 2020.05
121.29 2015.42 2011.29
82.44 2018.63 1906.33
80.93 2019.81 1596.50
124.47 2010.76 2052.52
138.25 2003.17 2096.50
79.75 2019.55 1564.75
79.76 2018.29 1898.68
74.20 2008.89 2743.16
77.36 2009.35 2759.95
123.40 2019.77 2032.22
128.27 2015.75 1968.86
128.36 2002.42 2132.65
138.98 2005.32 2051.70
138.88 2016.78 1862.17
136.80 2016.75 1874.72
41.50 2008.24 2271.10
63.84 2016.28 1689.46
51.01 2014.54 1863.69
55.87 2017.89 1428.70
55.04 2016.76 1522.48
58.01 2018.20 1414.74
59.49 2016.34 1627.08
60.11 2018.76 1373.35
68.26 2017.63 1733.87
67.78 2014.61 1868.16
86.34 2019.95 1920.01
83.99 2017.67 2183.60
85.35 2020.36 1884.62
84.98 2019.26 1977.86
127.57 2014.73 1993.89
120.24 2018.57 2009.72
77.22 2002.48 2598.44
117.88 2009.76 2075.30
70.32 2010.41 2445.09
131.57 2001.88 2125.89
69.25 2015.41 1911.03
72.31 2013.53 2126.51
129.68 2015.61 1963.70
133.88 2016.84 1890.51
135.03 2018.32 1867.74
133.21 2017.74 1902.51
134.29 2014.96 1914.42
135.76 2016.40 1879.60
134.68 2012.74 1940.29
140.43 2005.19 2051.70
135.47 2015.23 1911.69
137.40 2012.41 1934.28
136.32 2014.44 1912.15
140.28 2016.55 1861.05
49.67 2019.33 1302.60
47.26 2012.88 1927.39
51.06 2016.93 1553.50
51.06 2019.52 1280.29
42.80 2009.97 2110.03
107.19 2013.33 2034.71
46.37 2027.02 1041.47
47.51 2019.86 1349.96
47.68 2011.61 1960.04
46.07 2012.84 1929.05
42.02 2028.32 1146.58
59.05 2011.88 2017.53
37.20 2023.03 1424.86
45.23 2013.69 1925.26
49.60 2016.87 1559.66
40.28 2009.99 2148.20
43.65 2006.86 2380.60
57.18 2007.51 2370.80
42.51 2006.33 2372.10
74.52 2002.52 2627.28
66.88 2017.33 1694.46
63.74 2017.74 1549.67
70.13 2008.29 2641.78
70.83 2013.55 2124.50
130.51 2004.10 2089.57
115.96 2020.06 1999.78
131.85 2007.14 2035.31
129.56 2002.02 2131.25
80.92 2011.38 2193.85
141.31 2000.99 2126.31
81.76 2007.80 2660.07
118.30 2017.98 2001.35
135.15 2007.57 2015.92
73.54 2006.43 2696.39
108.03 2014.74 2026.61
93.25 2021.10 1888.35
75.06 2014.18 2033.84
75.97 2012.42 2164.72
74.16 2015.15 2035.08
72.92 2012.45 2230.08
74.72 2010.96 2358.16
76.63 2008.24 2745.33
137.15 2006.74 2029.65
75.90 2011.18 2346.25
74.07 2010.10 2494.90
107.33 2023.65 1958.17
72.04 2009.26 2635.37
77.37 2004.62 2611.81
112.33 2020.61 1969.60
111.67 2016.99 1999.19
136.07 2013.09 1936.58
141.03 2012.14 1940.71
127.63 2017.03 1990.32
138.38 2008.95 1998.64
139.09 2007.86 2011.52
53.03 2015.65 1670.49
140.27 2010.66 1974.80
130.21 2014.38 1958.15
138.83 2010.34 1976.01
115.23 2014.44 2005.97
116.40 2010.05 2075.91
84.44 2008.80 2643.77
120.89 2009.67 2077.58
113.55 2023.22 2075.99
135.03 2006.21 2043.98
136.52 2007.82 2015.57
141.24 2009.33 1988.66
141.26 2006.59 2030.72
140.50 2007.92 2011.45
126.03 2013.59 2012.22
141.17 2003.78 2077.51
135.03 2010.10 1985.75
138.40 2006.66 2029.38
85.64 2015.64 2456.09
87.97 2017.58 2327.93
137.06 2008.84 1998.62
109.59 2014.93 2026.09
136.44 2010.09 1984.91
132.71 2013.80 1942.58
132.38 2005.89 2053.02
88.72 2016.31 2308.80
137.56 2011.14 1975.17
133.75 2013.81 1940.51
129.27 2013.27 1984.15
134.13 2011.36 1977.72
82.78 2008.92 2658.03
128.80 1997.46 2213.93
136.77 2004.69 2063.07
133.29 1998.14 2188.83
114.60 2022.28 2055.12
137.09 2002.75 2095.95
84.96 2010.26 2267.99
136.24 2003.67 2086.90
134.29 2008.60 2011.56
132.34 2015.62 1921.60
94.50 2022.06 1912.65
123.00 2010.86 2056.32
98.47 2021.94 1935.95
114.62 2011.79 2039.04
81.02 2005.25 2588.07
110.21 2019.99 1954.39
118.67 2008.29 2106.94
129.97 2012.05 1983.30
111.42 2019.50 1959.87
134.02 2005.52 2051.55
91.95 2013.97 2254.88
113.47 2020.20 1977.82
129.06 1999.92 2165.88
109.03 2019.31 1948.19
85.25 2004.76 2520.15
96.95 2018.91 2101.54
86.22 2010.46 2258.02
95.95 2014.56 2148.45
131.68 1999.67 2166.94
79.61 2005.54 2595.52
87.28 2009.37 2356.13
118.81 2011.00 2056.74
135.88 2001.45 2123.33
83.50 2004.19 2541.27
129.88 2000.85 2152.84
80.50 2003.17 2576.51
92.25 2012.49 2186.80
135.96 2000.36 2147.89
104.42 2019.96 1933.29
130.53 2002.69 2125.69
116.69 2016.22 2002.64
84.19 2012.84 2210.96
114.30 2016.60 2006.43
85.97 2013.06 2216.89
114.56 2020.87 1991.48
122.66 2016.25 2011.17
130.95 1989.53 2319.26
124.00 2015.32 2012.09
119.81 2016.01 2009.50
120.23 2010.86 2056.51
117.09 2017.60 1999.88
122.28 2009.65 2075.98
113.44 2018.79 1982.11
88.56 2009.90 2312.19
118.26 2012.36 2029.37
114.21 2013.90 2005.31
138.15 2004.37 2062.18
84.96 2001.83 2530.95
88.32 2011.48 2244.30
110.54 2013.59 2018.69
89.29 2013.76 2290.21
86.53 2014.58 2305.80
90.56 2014.51 2274.94
93.84 2017.66 2196.61
89.41 2012.32 2225.33
90.24 2016.02 2272.61
89.89 2009.21 2312.51
90.98 2011.59 2211.21
91.33 2016.79 2226.11
90.24 2019.46 2135.56
97.25 2009.67 2130.05
110.13 2016.56 1998.13
105.63 2013.77 2034.40
96.32 2016.59 2140.13
79.00 2006.81 2656.01
85.22 2002.99 2515.13
77.47 2006.91 2661.58
76.72 2005.77 2651.61
95.61 1999.31 2437.03
79.28 2003.33 2580.87
75.18 2003.65 2622.17
76.58 2001.45 2607.42
76.76 1999.52 2594.92
86.27 2004.46 2514.91
76.62 2003.56 2619.41
89.50 1994.72 2495.32
75.46 2005.80 2655.18
79.01 2001.27 2580.51
83.48 2005.64 2553.96
86.17 2000.84 2517.50
82.61 2003.56 2554.54
82.24 2006.22 2569.50
72.57 2007.19 2719.51
70.49 2007.20 2737.17
74.67 2004.74 2657.30
78.30 2000.45 2590.94
71.23 2005.38 2683.37
72.13 2003.29 2642.20
74.74 2006.78 2692.60
73.47 2005.15 2662.80
75.16 2008.07 2745.96
72.82 2008.35 2736.12
70.84 2009.28 2628.68
64.98 2012.52 2144.60
60.64 2015.90 1648.42
62.18 2012.39 2013.11
58.21 2013.95 1894.97
72.22 2004.57 2667.75
68.83 2008.43 2635.27
73.27 2002.37 2630.46
39.91 2033.06 1044.29
46.68 2030.60 1115.05
97.96 2031.74 915.83
97.02 2029.67 1614.20
17.16 2036.04 1296.40
15.79 2034.24 2075.57
90.98 2030.11 2400.80
90.81 2027.97 624.98
0.51 2033.37 1427.50
0.76 2027.75 1694.60
67.15 2032.20 905.98
65.03 2031.46 1385.34
126.72 2029.85 1344.97
128.59 2029.01 1403.84
86.60 2023.04 1490.54
89.27 2022.29 1653.64
17.32 2032.30 1935.79
20.72 2030.55 1796.94
14.89 2030.75 1885.87
19.36 2030.45 1807.49
14.66 2026.42 1749.75
15.34 2027.94 1815.00
1.32 2002.08 2305.52
52.77 2013.26 1925.32
28.94 2028.13 1372.30
26.82 2030.14 1441.40
60.40 2010.08 2350.45
62.61 2003.90 2723.19
74.64 2027.89 949.25
73.31 2027.91 965.70
47.08 2034.01 841.84
49.06 2030.62 963.17
43.45 2032.13 1042.68
47.84 2031.43 1012.70
43.28 2030.59 1041.19
42.12 2029.95 1054.89
42.39 2032.95 1080.39
44.42 2029.97 1071.07
41.04 2032.25 1055.26
38.54 2031.09 1207.74
43.38 2027.51 1079.28
47.67 2027.34 1040.66
39.96 2034.44 1028.87
39.67 2030.20 1146.67
38.92 2035.15 929.63
37.55 2033.38 1030.61
37.31 2030.60 1237.85
38.16 2028.27 1278.05
40.94 2030.78 1090.15
40.67 2027.71 1198.04
37.10 2029.22 1247.90
39.49 2028.75 1261.78
42.05 2010.94 2088.72
45.10 2023.86 1132.17
33.01 2028.50 1248.01
49.84 2014.55 1870.12
46.81 2029.18 990.92
45.83 2028.16 991.31
48.50 2026.51 1054.29
50.15 2028.39 973.69
44.63 2028.52 991.15
43.46 2025.73 1153.21
48.10 2025.23 1127.64
50.23 2024.45 1158.91
46.47 2023.92 1135.43
47.05 2022.81 1175.26
40.36 2026.29 1273.29
53.80 2016.82 1525.69
46.92 2024.97 1126.00
49.15 2021.73 1210.73
46.02 2025.92 1116.27
44.77 2025.14 1118.58
40.70 2024.12 1347.10
51.53 2013.48 1925.78
45.23 2018.09 1664.18
44.07 2017.25 1665.60
39.66 2023.75 1346.20
55.49 2018.99 1248.32
47.66 2018.30 1570.56
48.75 2020.42 1297.69
42.61 2019.33 1555.52
45.10 2019.60 1535.79
51.83 2018.28 1370.19
37.67 2019.07 1568.13
51.30 2030.63 865.43
48.96 2029.21 995.75
131.56 2025.96 1417.07
130.79 2024.05 1573.62
60.47 2029.13 1054.83
58.41 2028.86 984.73
61.41 2029.58 1086.36
61.69 2030.85 1078.03
136.40 2026.05 1266.64
136.84 2022.84 1768.01
138.03 2021.99 1741.79
137.87 2024.76 1582.78
73.74 2025.82 1388.94
71.63 2026.43 1261.92
70.78 2027.47 1246.37
68.82 2025.85 1307.66
71.31 2028.75 1004.65
68.54 2028.42 1011.47
67.43 2025.30 1301.26
66.50 2021.87 1611.02
67.29 2023.91 1341.42
70.09 2018.90 1758.11
69.88 2021.21 1516.27
67.85 2021.97 1586.64
65.98 2020.79 1495.14
68.03 2019.83 1649.53
63.66 2031.81 1341.07
63.29 2029.70 1230.02
75.17 2018.74 1464.79
74.48 2016.29 2112.45
74.30 2019.61 1469.97
72.92 2017.81 2100.35
57.06 2017.51 1431.25
57.02 2016.01 1616.20
61.99 2020.43 1306.58
59.77 2020.88 1165.02
59.04 2021.80 1191.77
57.36 2020.32 1114.53
59.72 2022.98 1279.95
57.13 2022.58 1208.01
137.69 2014.83 1910.89
138.50 2013.62 1920.07
58.16 2015.33 1636.62
43.03 2015.08 1813.83
62.87 2013.62 1894.85
51.70 2015.70 1677.56
46.68 2015.83 1810.05
23.45 2016.16 1908.50
57.17 2012.88 1947.72
44.81 2022.64 1235.33
35.79 2028.84 1239.37
37.91 2026.89 1205.17
33.37 2025.85 1349.64
57.27 2010.23 2190.63
49.81 2003.32 2614.24
50.09 2006.78 2359.10
52.80 2006.17 2508.35
59.56 2006.42 2559.43
30.03 2018.35 1783.58
51.66 2010.33 2086.34
59.28 2013.33 1895.12
40.33 2008.90 2256.71
41.51 2006.98 2352.42
53.47 1993.23 2624.48
58.00 2008.82 2329.98
45.38 2015.07 1808.86
60.37 2013.61 1888.56
46.60 2017.43 1668.07
43.78 2020.23 1546.93
37.58 2009.64 2165.43
38.59 2014.41 1875.20
44.13 2010.12 2103.91
55.75 2010.10 2179.81
60.93 2014.61 1780.53
32.97 2018.20 1724.72
57.27 1998.36 2654.65
39.43 2006.64 2326.63
40.46 2006.17 2342.71
54.96 2008.63 2253.97
69.03 2010.67 2443.42
53.48 2008.69 2247.99
43.79 2012.13 1993.88
45.70 2003.30 2542.34
52.96 2010.00 2093.09
49.22 2009.83 2100.75
58.82 2004.71 2668.37
39.32 2008.11 2254.12
55.67 2007.45 2365.11
39.48 2010.71 2137.14
45.81 2008.68 2196.51
49.20 2013.51 1904.27
41.05 2013.44 1969.08
50.95 2007.86 2291.10
47.82 2015.14 1838.69
49.07 2015.65 1855.97
42.55 2008.80 2280.32
65.96 1997.10 2630.00
46.33 2020.50 1414.35
25.23 2025.24 1560.71
50.90 2012.32 1952.35
57.89 2011.54 2021.43
33.48 2011.86 2057.41
52.86 2012.11 1984.30
48.09 2008.98 2129.21
44.57 2011.21 1983.86
22.65 2026.39 1588.62
42.60 2012.01 1999.29
54.10 2019.26 1251.39
23.99 2020.37 1741.66
42.22 2022.49 1404.02
44.14 2015.83 1798.07
60.98 2012.43 2001.26
71.51 2001.13 2630.44
109.75 2012.15 2065.18
112.90 2014.62 2002.71
62.35 2008.37 2495.16
110.46 2011.00 2075.49
70.94 1989.47 2605.81
109.88 2009.78 2131.38
70.80 2000.08 2633.68
50.60 2009.36 2109.09
55.23 2005.93 2520.07
59.48 2008.78 2344.17
62.83 2011.07 2251.69
60.04 2007.50 2475.81
61.96 2009.81 2359.28
64.92 2010.14 2372.15
62.65 2015.76 1685.02
57.60 2006.21 2530.99
62.54 2005.36 2661.46
63.77 2003.33 2711.50
68.23 2007.36 2648.15
61.45 2005.98 2628.43
63.82 2007.85 2514.99
74.10 2012.28 2226.70
72.17 2011.35 2337.09
81.50 2015.28 2457.46
83.26 2013.93 2189.16
105.89 2023.55 1960.62
106.10 2021.32 1955.24
102.78 2018.42 1986.91
107.76 2020.00 1938.92
105.33 2022.32 1947.49
106.57 2019.34 1939.39
103.33 2022.72 1964.68
103.71 2020.88 1945.95
105.03 2017.73 1987.24
108.89 2017.70 1990.24
101.82 2020.29 1960.52
101.90 2019.17 1990.44
100.43 2017.79 2050.13
103.35 2016.13 2032.73
107.41 2017.17 1990.71
107.09 2015.84 2023.26
100.24 2021.24 1978.35
100.76 2018.84 1998.63
99.08 2017.58 2058.24
104.03 2018.73 1982.49
97.66 2012.20 2113.62
102.50 2017.22 2034.15
101.17 2015.63 2066.08
104.64 2016.32 2028.71
98.25 2018.90 2085.72
99.93 2015.19 2078.70
96.06 2017.70 2165.22
98.70 2016.28 2104.70
100.07 2011.37 2073.36
102.20 2010.50 2040.86
106.34 2018.12 1985.39
105.63 2015.39 2025.04
104.48 2013.09 2035.32
107.96 2012.08 2068.94
101.97 2012.74 2048.16
106.31 2006.71 2253.54
102.89 2013.83 2039.77
106.15 2010.16 2184.24
100.59 2012.71 2054.74
104.25 2011.64 1997.81
104.80 2008.32 2227.30
113.99 2009.71 2092.78
99.01 2019.91 2006.55
100.76 2020.52 1962.85
94.87 2018.14 2175.04
92.87 2014.80 2214.88
101.29 2016.94 2039.32
102.52 2015.03 2057.24
95.69 2008.66 2441.05
102.86 2009.26 2248.23
99.60 2013.82 2090.64
100.94 2010.39 2031.66
97.49 2015.91 2120.21
98.00 2013.54 2100.07
96.26 2010.46 2114.14
101.92 2007.21 2313.30
93.69 2011.82 2168.89
98.75 2011.14 2084.93
95.01 2012.61 2147.85
96.32 2011.74 2126.55
92.95 2007.85 2470.88
93.96 2010.22 2129.91
90.14 2007.70 2468.66
98.40 2009.90 2129.68
92.75 2009.37 2197.20
94.32 2007.12 2454.25
91.21 2010.07 2207.89
89.01 2006.82 2492.29
95.44 2007.63 2440.53
100.61 2009.12 2323.48
87.67 2007.16 2500.19
95.75 2003.87 2414.65
97.51 2007.68 2397.78
99.39 2008.85 2325.41
87.39 2002.76 2499.90
113.04 2007.84 2157.81
98.83 2007.62 2389.44
100.86 2006.39 2339.01
105.50 2003.23 2319.59
115.33 2009.11 2089.92
95.23 2009.72 2129.26
96.92 2008.69 2437.28
86.80 2006.22 2520.01
80.68 1997.18 2561.04
79.68 1997.75 2568.07
87.44 2001.41 2507.69
86.94 2008.25 2537.60
80.72 1999.78 2564.18
85.36 2007.88 2556.47
84.66 2005.87 2546.89
74.82 2000.22 2610.74
84.56 2003.88 2535.28
72.98 1989.72 2601.25
80.39 2001.04 2577.08
86.24 1992.52 2522.51
85.37 2006.66 2526.60
88.50 2003.38 2488.52
81.35 2004.04 2561.95
83.52 2001.35 2538.49
102.27 1999.62 2385.34
82.04 1999.10 2555.95
101.05 2000.54 2393.59
132.07 2014.72 1946.96
91.66 2007.04 2468.41
130.44 2016.61 1937.33
101.80 2023.80 1947.29
102.32 2022.05 1977.84
102.53 2020.98 1946.72
104.16 2022.10 1949.42
131.54 2012.23 1980.84
131.26 2014.20 1953.79
123.86 2018.53 2005.24
121.97 2019.99 2032.03
119.02 2019.27 2007.87
119.52 2017.28 2001.94
88.63 2019.08 2120.08
91.93 2021.81 1804.55
91.93 2023.31 1559.98
89.59 2023.82 1437.55
93.04 2024.06 1609.30
91.30 2025.59 1293.68
135.13 1999.70 2154.84
141.34 1998.32 2169.77
125.84 2003.90 2110.39
126.50 2006.49 2078.51
122.57 1998.30 2231.26
128.17 2003.61 2101.22
132.71 2002.28 2122.95
134.46 1997.74 2187.95
131.71 2004.60 2085.09
118.64 2005.60 2169.63
126.79 1998.57 2212.63
141.17 1995.29 2230.72
127.54 2001.57 2146.35
127.91 2000.24 2167.27
127.34 2007.70 2051.37
132.87 2003.59 2087.38
132.52 1997.38 2197.64
127.56 1997.48 2215.87
132.95 1999.41 2165.58
125.49 2002.59 2150.88
117.96 2007.02 2144.73
124.10 1995.57 2277.02
139.05 1993.59 2254.10
131.78 1995.71 2223.37
138.04 1994.61 2250.85
135.36 1998.49 2180.18
133.89 2000.22 2156.20
136.66 1998.02 2179.01
138.68 2000.98 2130.93
133.80 2001.51 2123.67
131.15 2000.73 2151.98
136.38 1988.82 2299.98
133.73 1995.85 2221.69
137.49 1998.90 2167.09
140.65 1999.75 2145.73
129.66 1996.27 2222.10
138.74 1998.69 2166.08
134.91 1994.27 2253.71
140.46 1996.32 2212.68
139.15 1996.58 2211.97
133.90 1994.69 2253.67
135.79 1996.03 2218.14
136.87 1996.74 2214.42
115.89 2011.58 2038.72
111.73 2010.78 2071.79
109.46 2007.03 2188.35
112.49 1999.36 2316.65
113.79 2010.86 2054.76
114.11 2007.17 2154.64
110.40 2004.62 2246.83
123.76 1998.00 2228.41
114.81 2004.90 2197.49
116.43 2006.86 2147.47
118.30 1988.99 2384.83
126.32 2001.61 2148.09
116.15 2005.28 2191.76
117.41 2004.55 2189.07
124.79 2000.01 2181.40
127.08 2004.27 2105.02
124.96 2013.03 2021.55
122.31 2011.95 2042.89
125.08 2009.28 2051.24
126.74 2009.04 2047.74
122.87 2008.61 2071.02
125.20 2006.30 2082.58
128.96 2007.07 2047.55
129.28 2010.59 2015.79
124.20 2008.34 2068.14
124.80 2004.91 2116.15
121.12 2007.35 2099.82
120.11 2005.13 2161.22
123.34 2004.66 2121.02
121.68 2002.83 2172.72
122.55 2005.68 2131.02
120.38 2003.57 2181.72
117.69 2003.17 2207.61
118.52 1998.40 2259.39
124.10 2002.27 2155.63
123.78 2000.88 2187.35
122.99 2003.32 2163.73
122.62 2000.61 2192.75
122.11 1999.54 2217.08
125.71 1998.22 2215.46
120.20 1999.11 2232.09
126.68 1996.51 2229.66
119.49 2001.34 2213.71
121.53 1997.43 2244.60
115.12 2002.21 2244.58
119.30 1989.66 2373.22
121.52 1996.07 2285.96
122.70 1995.12 2282.18
119.35 1997.54 2254.71
117.95 1996.05 2300.90
119.83 1994.18 2328.36
130.92 1996.50 2220.47
117.23 1998.27 2263.55
120.18 1995.55 2291.42
115.57 1996.45 2316.80
118.60 1993.98 2331.52
123.25 1991.05 2348.07
116.45 1999.45 2273.03
117.75 1994.95 2333.80
119.15 1996.44 2295.47
112.65 2003.41 2250.86
121.80 1989.54 2362.85
116.76 1991.64 2366.17
117.29 2000.66 2239.05
114.25 1997.18 2325.00
114.28 2003.51 2248.53
115.08 1999.59 2278.55
109.77 1999.03 2344.66
116.18 1992.78 2359.12
111.77 2004.72 2242.90
114.06 1998.59 2306.85
107.97 2004.90 2263.12
112.73 2000.80 2284.41
114.36 2000.94 2280.21
111.87 2001.96 2287.68
106.50 2002.41 2311.11
108.41 2001.52 2305.58
112.41 2005.86 2199.30
110.39 2002.04 2289.57
110.85 2008.94 2121.64
110.82 2007.63 2176.03
72.70 2010.32 2496.75
70.99 2011.42 2336.87
70.26 2012.54 2218.40
68.95 2012.08 2211.96
67.67 2012.89 2167.78
66.26 2008.37 2543.49
68.25 2009.69 2499.83
69.78 2006.42 2733.73
67.03 2009.70 2493.31
66.88 2007.27 2640.28
66.28 2010.65 2386.85
64.92 2008.74 2534.62
66.34 2012.09 2162.40
64.14 2011.10 2259.88
71.51 2006.72 2727.68
70.21 2005.31 2686.68
67.59 2001.66 2657.02
72.92 1998.69 2612.25
88.07 2027.77 981.79
86.09 2025.93 1292.25
87.78 2021.82 1627.55
88.56 2024.97 1320.21
16.64 2028.25 1785.64
18.84 2028.30 1675.14
19.40 2017.75 1882.15
22.57 2020.91 1760.41
17.80 2026.38 1665.68
19.40 2021.58 1814.54
14.35 2029.11 1834.10
17.06 2025.26 1764.13
12.97 2028.79 1814.36
14.74 2018.28 1847.96
9.79 2030.15 1749.55
8.97 2027.77 1742.37
21.62 2028.57 1613.97
26.32 2024.30 1557.25
36.26 2031.45 1200.49
34.92 2029.78 1217.27
29.64 2025.31 1438.36
36.49 2026.39 1196.33
68.27 2023.15 1302.99
66.12 2023.08 1425.13
64.61 2020.26 1454.81
64.67 2018.65 1584.50
68.72 2018.87 1737.61
66.79 2019.69 1626.41
61.50 2018.92 1386.14
62.23 2014.66 1779.57
59.29 2017.70 1421.14
61.73 2016.61 1651.82
64.36 2013.72 1905.61
64.92 2015.27 1728.32
38.94 2025.95 1244.28
39.29 2022.64 1425.93
41.06 2021.32 1458.34
41.91 2023.71 1348.58
41.32 2019.86 1551.88
43.65 2021.93 1365.05
35.43 2027.39 1188.79
38.65 2024.67 1328.45
31.97 2025.48 1369.32
36.38 2025.08 1336.83
26.79 2022.06 1651.96
35.91 2022.90 1431.28
34.15 2024.51 1379.97
35.33 2024.25 1369.79
30.77 2026.14 1395.98
33.19 2023.51 1445.17
28.27 2025.68 1453.18
31.97 2024.06 1463.70
34.23 2021.80 1547.38
35.37 2021.91 1537.82
28.09 2022.20 1653.17
29.74 2023.88 1518.48
30.87 2023.30 1506.05
34.51 2018.47 1712.60
27.83 2027.01 1449.59
28.53 2023.41 1533.71
32.20 2019.48 1710.50
37.89 2021.20 1515.88
25.34 2026.57 1529.83
27.57 2024.55 1541.71
26.00 2023.01 1620.24
31.12 2021.95 1604.49
23.89 2024.59 1564.06
24.85 2022.51 1621.00
24.94 2021.24 1701.64
35.35 2008.55 2195.88
23.83 2023.15 1616.50
26.15 2020.97 1698.32
21.70 2024.59 1565.01
22.51 2022.41 1612.10
26.62 2019.82 1759.85
33.91 2020.63 1600.36
17.30 2020.40 1824.89
32.31 2011.42 2052.42
26.29 2017.29 1864.06
25.74 2018.58 1883.54
28.82 2021.00 1685.04
28.59 2018.44 1786.52
21.44 2019.92 1831.85
25.70 2016.24 1901.52
24.31 2018.86 1883.14
27.77 2017.26 1878.11
17.82 2019.28 1843.71
20.44 2014.01 1967.19
21.78 2018.33 1879.08
23.23 2017.82 1881.54
29.76 2015.84 1887.47
30.83 2019.53 1722.33
19.03 2019.06 1844.89
20.71 2017.35 1883.61
14.07 2020.99 1809.82
19.97 2015.17 1928.70
20.95 2016.08 1917.45
22.23 2015.40 1916.59
20.01 2020.24 1835.98
16.93 2018.38 1849.23
18.40 2016.75 1888.29
19.73 2012.96 1988.01
21.41 2023.25 1632.34
17.91 2021.51 1813.19
16.00 2020.21 1823.98
13.58 2011.58 2009.63
24.86 2013.50 1994.03
34.03 2015.23 1947.08
18.74 2015.44 1928.26
21.91 2014.10 1967.74
19.17 2024.09 1717.87
17.17 2022.69 1788.21
14.82 2016.81 1889.04
18.22 2012.98 1987.14
13.50 2023.24 1779.94
11.18 2021.86 1800.96
31.63 2003.24 2395.63
17.70 2014.30 1939.67
12.34 2020.37 1811.61
14.99 2012.27 2008.96
16.08 2016.25 1890.89
17.55 2011.68 2020.21
15.79 2022.51 1788.37
13.57 2018.83 1844.76
9.32 2013.10 1969.90
11.19 2011.63 2007.68
13.44 2010.07 2066.97
38.18 2006.08 2317.01
11.25 2027.25 1758.18
13.39 2020.01 1813.25
10.07 2017.97 1842.89
13.69 2014.57 1937.11
16.30 2014.71 1937.51
12.30 2012.36 2004.26
9.94 2011.94 2006.68
14.63 2008.14 2132.55
12.34 2013.81 1938.89
11.26 2010.36 2056.00
11.24 2014.61 1932.91
6.97 2014.31 1945.25
7.82 2013.05 1969.99
5.88 2003.36 2283.04
11.32 2018.69 1842.27
10.50 2020.80 1805.43
4.25 2018.86 1828.09
7.16 2011.79 2006.87
16.15 2011.33 2019.76
19.64 2010.74 2043.33
15.23 2021.14 1810.64
12.37 2024.03 1776.32
3.06 2024.34 1744.92
11.40 2019.87 1810.90
12.30 2021.48 1802.39
9.25 2020.47 1804.67
1.48 2022.88 1769.59
10.11 2016.64 1893.35
8.90 2018.82 1837.44
12.44 2018.02 1845.66
5.58 2017.09 1868.74
7.61 2018.35 1837.65
9.17 2015.65 1905.56
12.46 2016.68 1890.01
11.68 2008.26 2118.54
5.74 2011.73 2006.99
4.56 2014.96 1940.38
9.24 2010.64 2038.13
7.72 2015.71 1905.37
10.20 2008.49 2117.48
8.01 2021.52 1797.45
4.52 2016.24 1873.03
6.37 2007.18 2127.19
7.69 2008.08 2122.03
1.37 2008.94 2087.27
7.02 2016.94 1870.03
6.47 2020.80 1796.73
6.42 2019.28 1831.30
3.76 2025.42 1735.49
3.23 2016.87 1869.32
1.45 2006.76 2169.38
9.11 2007.59 2125.40
7.25 2009.40 2069.54
3.71 2005.15 2235.63
20.98 2002.09 2346.70
7.95 2010.54 2037.82
2.68 2004.11 2254.73
0.77 2013.46 1961.41
5.77 2009.40 2069.57
5.62 2014.12 1946.30
5.22 2008.06 2117.37
5.06 2010.49 2040.94
3.70 2012.84 1982.51
3.53 2010.43 2040.90
3.06 2006.64 2169.26
3.80 2007.87 2118.51
0.57 2003.47 2279.40
2.82 2009.16 2087.06
2.84 2011.72 2001.30
0.72 2005.88 2195.68
1.29 2004.71 2257.27
0.74 2007.77 2132.77
0.63 2009.74 2073.67
8.71 1998.51 2427.07
2.71 2002.60 2307.39
7.66 2000.94 2349.12
5.21 2004.81 2235.79
4.23 1999.16 2383.67
3.95 1997.87 2432.47
49.74 2012.33 1950.47
6.43 2005.88 2219.49
0.75 2000.43 2357.04
47.96 2013.75 1905.34
46.80 2009.64 2132.06
58.14 2003.62 2699.75
53.65 2011.27 2018.50
51.63 2011.52 1973.43
60.43 2005.51 2617.72
59.98 2004.59 2667.66
108.64 2009.50 2141.88
111.91 2009.51 2110.43
106.09 2008.77 2220.61
112.96 2008.98 2105.69
112.59 2011.40 2058.30
112.70 2012.49 2023.44
114.00 2012.78 2023.59
107.43 2010.64 2163.18
104.03 2009.22 2241.08
104.83 2007.14 2259.89
106.97 2007.80 2209.69
101.84 2008.35 2295.64
104.03 2006.41 2287.86
102.47 2005.31 2317.03
105.48 2004.49 2286.06
108.25 2008.05 2200.79
108.38 2003.52 2279.44
104.32 2005.09 2293.97
106.67 2005.39 2269.19
104.46 2001.16 2343.15
108.10 2000.46 2333.02
103.26 2004.55 2303.58
111.32 1998.58 2336.50
104.08 2002.45 2329.17
106.02 2001.14 2340.57
101.64 2002.95 2345.64
98.92 2003.43 2386.07
106.95 2000.18 2337.41
107.75 2002.51 2306.76
104.52 1997.12 2409.36
105.62 1996.27 2407.39
109.31 2000.14 2331.89
109.62 2001.20 2303.57
109.79 2003.38 2277.39
109.30 2005.67 2251.40
94.48 2015.80 2186.19
97.12 2014.54 2141.33
94.78 2019.38 2185.84
91.46 2018.36 2264.82
92.57 2016.10 2232.46
92.85 2018.72 2245.48
94.01 2014.66 2206.71
93.69 2016.61 2226.68
94.98 2013.89 2172.97
95.46 2015.76 2177.71
104.90 2010.59 2197.64
102.73 2011.52 1997.45
101.41 2005.23 2322.26
102.91 2006.50 2293.41
100.84 2004.24 2358.32
103.01 2003.17 2338.99
97.81 2005.10 2391.31
99.68 2004.30 2363.29
91.88 2005.58 2454.01
98.28 1999.94 2412.73
96.90 1995.41 2450.44
99.22 2002.26 2384.38
98.96 2005.38 2383.01
97.79 2003.87 2393.29
99.56 2006.49 2346.67
96.67 2006.89 2424.80
93.23 2004.95 2444.49
98.02 2001.39 2400.26
92.27 2002.70 2456.29
96.82 2002.02 2409.98
100.19 1998.35 2407.38
100.78 2001.84 2378.62
93.97 1995.64 2469.89
106.51 1998.90 2373.59
99.74 1999.50 2407.34
101.68 1998.29 2406.04
101.98 1997.09 2417.33
103.75 1999.85 2380.27
95.47 1989.72 2485.27
108.98 1989.55 2414.76
88.33 2004.64 2492.78
93.46 2003.46 2439.74
90.71 2004.82 2469.04
90.88 2003.44 2466.53
94.75 2003.00 2431.65
96.78 2005.75 2406.39
95.43 2001.74 2415.90
96.88 2003.33 2405.51
92.23 2001.26 2469.31
93.34 2000.39 2454.75
89.37 2005.40 2477.43
89.71 2002.75 2479.52
88.60 2000.80 2498.74
89.77 2001.52 2487.69
89.01 1999.42 2490.31
90.89 2000.76 2477.16
88.39 1997.00 2499.30
97.09 1998.93 2431.46
90.50 1999.38 2486.97
91.62 1998.31 2468.98
94.38 2005.68 2430.91
95.61 2005.05 2419.90
86.98 1996.53 2503.86
103.16 1996.49 2414.37
94.45 1998.18 2453.71
89.58 1996.18 2490.03
91.26 1996.77 2484.37
92.42 1995.55 2472.69
98.56 1996.89 2431.38
99.69 1997.24 2427.10
88.19 1998.51 2508.73
105.39 1992.15 2424.50
94.88 2000.64 2449.71
93.11 1998.82 2461.45
96.25 1994.20 2467.99
80.72 1995.84 2552.84
93.11 1989.75 2498.56
96.32 1996.59 2448.18
91.87 1994.14 2487.32
97.39 1997.54 2436.70
94.86 1996.85 2451.13
98.22 1995.56 2449.13
94.78 1994.18 2469.43
99.13 1994.53 2448.78
100.75 1996.35 2422.45
93.14 1991.04 2496.84
104.86 1991.02 2432.86
97.04 1993.13 2469.22
107.42 1991.26 2412.01
100.52 1994.97 2446.43
101.72 1994.16 2444.81
97.95 1991.04 2476.06
98.59 1993.31 2468.67
105.61 1989.84 2425.26
101.61 1989.61 2447.54
79.60 1998.96 2574.18
81.92 1997.71 2555.87
75.65 1999.26 2597.94
76.37 1995.66 2578.12
84.03 1994.06 2531.96
78.59 1997.09 2574.25
72.88 1992.35 2591.58
84.10 1996.68 2536.91
81.12 2001.99 2558.88
82.47 2002.21 2554.48
87.10 2005.12 2500.41
86.38 2003.35 2509.04
132.84 2008.49 2013.32
130.33 2009.40 2011.30
129.34 2004.61 2091.40
127.35 2005.48 2079.10
126.94 1999.61 2173.91
125.60 1997.10 2232.28
125.94 2000.42 2176.48
124.71 1998.84 2218.14
130.56 1993.89 2263.16
131.40 1997.55 2198.48
135.86 1994.90 2250.80
132.75 1996.28 2221.08
134.67 1996.55 2217.67
126.73 1995.16 2269.96
132.89 1993.90 2258.74
131.75 1994.49 2259.23
134.53 1991.24 2293.98
136.82 1994.18 2252.26
138.16 1996.05 2215.34
129.33 1994.89 2263.37
136.70 1990.75 2290.82
139.51 1991.03 2275.19
135.21 1993.09 2271.90
133.15 1992.77 2280.83
134.45 1992.38 2279.45
127.98 1994.30 2268.03
132.00 1989.01 2315.64
138.61 1992.05 2273.70
140.49 1993.83 2253.34
136.41 1992.99 2271.15
141.32 1992.47 2262.59
138.51 1989.07 2292.33
140.78 1991.21 2274.72
129.38 1990.74 2313.74
133.29 1990.76 2295.89
129.85 1988.83 2323.80
126.49 1991.80 2310.93
133.14 1989.60 2311.20
140.63 1997.47 2179.92
141.46 1989.86 2283.09
139.32 1997.74 2180.34
122.34 2007.64 2096.16
124.28 2007.12 2089.61
121.16 2005.98 2136.05
123.09 2006.76 2093.95
116.67 2002.07 2238.67
118.61 2000.44 2234.42
124.42 1996.83 2235.35
125.32 1994.49 2275.07
125.12 1992.85 2314.11
127.94 1992.58 2305.33
123.62 1992.38 2318.65
127.72 1989.16 2332.50
125.20 1989.21 2345.77
132.45 1991.73 2296.41
122.42 1993.57 2320.78
120.89 1993.16 2324.78
123.96 1989.78 2349.32
126.45 1990.06 2338.07
119.13 1991.14 2359.40
120.67 1991.72 2354.31
118.02 1993.11 2347.29
116.70 1994.48 2338.63
121.83 1990.81 2350.81
120.81 1988.98 2369.93
123.02 1988.88 2358.90
116.86 1997.01 2307.73
115.61 1995.02 2342.52
111.58 1996.94 2345.60
117.99 1991.89 2363.97
113.26 1989.63 2400.14
114.42 1994.07 2353.12
116.84 1993.45 2349.30
114.85 1992.86 2360.25
112.08 1988.96 2403.69
115.87 1990.89 2378.85
114.34 1988.99 2396.29
115.79 1989.67 2393.10
112.11 1991.56 2392.59
109.33 1996.56 2364.12
109.20 1992.47 2398.71
114.43 1991.71 2382.86
113.27 1991.13 2389.01
111.08 1990.64 2399.17
113.83 2005.93 2196.71
111.96 2007.06 2170.63
71.00 2002.49 2648.02
72.78 2001.11 2628.77
69.74 2002.71 2651.52
72.19 1995.30 2598.94
73.52 2000.07 2613.16
75.33 2001.40 2609.79
71.48 1998.67 2614.48
76.39 1997.12 2585.90
69.49 2004.78 2691.88
67.54 2005.05 2705.38
69.44 2000.22 2635.84
67.20 1994.47 2621.90
68.89 2001.50 2654.78
70.69 1997.61 2618.83
64.05 1990.67 2621.30
68.55 1999.04 2639.22
70.94 1996.23 2606.23
79.45 1993.99 2557.96
67.02 2002.95 2682.21
67.74 2003.88 2678.89
70.45 1993.42 2606.14
73.64 1995.88 2593.53
73.91 1997.54 2598.05
71.85 1993.64 2603.45
69.52 1994.43 2613.27
76.09 1992.51 2574.67
64.99 1999.57 2653.98
69.90 1992.42 2613.47
77.56 1995.10 2572.01
81.67 1992.98 2546.68
69.67 1995.57 2610.80
68.34 1993.79 2617.20
69.12 1997.83 2620.35
68.60 1996.58 2619.26
66.86 2000.67 2657.45
68.86 1989.60 2609.92
67.27 1999.33 2641.82
65.91 1993.80 2626.61
67.30 1996.13 2622.85
64.54 1996.28 2634.39
65.72 1992.20 2627.83
64.60 1994.64 2631.85
68.57 1992.65 2614.45
78.62 1995.93 2564.90
77.55 1997.72 2580.95
77.61 1998.82 2586.32
75.34 1997.96 2594.52
78.57 1999.41 2580.15
77.18 2000.53 2592.89
63.07 1996.93 2637.99
75.05 1994.85 2585.07
61.91 1995.88 2642.12
63.08 2001.10 2675.25
75.06 1993.51 2580.27
63.40 1993.86 2636.84
53.56 2001.37 2650.34
54.21 2002.80 2667.31
62.45 1991.76 2626.51
62.35 1989.63 2618.48
72.31 1991.00 2611.93
75.22 1991.47 2582.90
62.18 1994.46 2638.59
60.34 1989.96 2621.05
74.18 1992.46 2588.07
66.80 1991.27 2623.90
75.32 1990.07 2595.59
78.90 1988.98 2580.04
80.98 1988.81 2570.94
64.46 1991.75 2627.12
66.58 1989.76 2613.21
63.46 1992.57 2627.45
63.28 1988.84 2616.43
65.42 1989.08 2614.19
62.79 1990.69 2621.35
64.35 1989.61 2615.37
69.92 1988.92 2607.51
68.98 1990.75 2618.66
12.03 2029.84 1781.20
67.73 1988.99 2611.15
13.23 2026.35 1751.28
10.40 2028.07 1747.26
12.52 2027.55 1761.44
8.25 2023.16 1769.89
11.02 2023.10 1775.59
11.06 2025.96 1752.62
9.87 2025.40 1751.26
12.42 2031.11 1924.47
9.84 2031.23 1771.70
8.83 2031.75 1733.20
7.87 2031.14 1694.60
8.99 2032.84 1766.75
6.87 2031.86 1646.97
5.62 2031.35 1619.47
3.21 2031.87 1544.02
7.43 2029.10 1702.52
8.34 2028.63 1711.59
24.66 2028.78 1560.85
22.82 2028.28 1603.40
20.85 2027.65 1631.45
21.43 2026.51 1595.36
20.89 2025.45 1569.61
22.85 2025.20 1569.60
19.74 2025.32 1583.54
20.04 2022.88 1660.10
33.69 2029.69 1212.93
33.87 2027.14 1208.62
33.16 2030.99 1253.29
31.08 2030.14 1309.83
29.67 2030.69 1341.59
30.51 2027.63 1359.48
42.32 2024.96 1207.21
41.11 2025.37 1227.84
33.33 2022.42 1561.39
34.83 2019.85 1583.06
32.36 2021.63 1592.95
32.82 2020.53 1609.51
36.35 2014.88 1898.61
38.99 2019.49 1562.60
30.21 2020.90 1674.37
28.00 2019.71 1753.15
30.34 2014.55 1894.51
21.62 2011.80 2021.60
30.63 2017.04 1838.59
35.54 2017.40 1713.55
28.33 2015.97 1877.04
32.74 2015.58 1953.24
32.20 2016.93 1841.44
31.75 2014.41 1897.11
26.22 2015.08 1911.19
27.38 2014.83 1908.91
32.21 2013.28 1991.84
35.70 2013.57 2008.64
23.72 2012.84 1999.75
27.92 2013.39 1965.38
25.74 2012.55 2003.92
33.88 2008.66 2193.92
21.87 2008.57 2127.18
29.45 2013.24 1963.08
23.84 2009.43 2112.02
30.23 2012.04 2020.24
31.58 2012.23 2022.77
34.18 2011.01 2089.78
23.11 2008.51 2128.19
32.22 2010.23 2111.27
36.31 2012.33 2067.81
33.46 2012.97 1997.43
37.78 2012.15 2067.66
40.23 2011.56 2103.41
22.51 2013.03 1999.05
25.87 2010.41 2079.28
20.31 2011.81 2020.66
24.07 2011.52 2044.39
20.18 2009.64 2081.71
22.13 2010.67 2062.35
19.14 2008.54 2097.18
19.74 2007.26 2167.08
16.83 2008.82 2092.76
21.28 2007.35 2167.38
11.03 2003.00 2313.73
9.35 2005.84 2211.74
31.03 2005.80 2276.55
31.80 2007.31 2229.53
29.54 2007.69 2201.22
36.54 2004.31 2366.22
35.22 2015.93 1912.64
34.30 2013.75 2004.48
38.38 2010.76 2135.84
40.09 2012.61 2005.22
40.29 2017.51 1671.45
38.75 2013.15 2014.21
30.85 2008.31 2203.45
33.13 2007.42 2230.84
25.24 2009.33 2113.86
16.96 2003.97 2302.07
33.33 2005.06 2322.79
35.99 2007.23 2265.49
31.06 2009.65 2111.02
29.66 2006.07 2273.68
29.81 2010.66 2094.56
27.19 2010.86 2080.51
28.28 2008.42 2190.39
28.34 2010.06 2094.21
27.04 2007.60 2189.76
19.25 2001.04 2373.85
21.38 2004.35 2275.53
27.21 2006.16 2269.03
24.56 2015.67 1905.71
25.08 2014.51 1917.97
19.11 2026.30 1650.07
17.79 2023.96 1737.83
19.68 2027.58 1630.32
17.58 2027.51 1716.50
14.86 2023.67 1779.79
13.27 2021.93 1802.87
15.50 2025.15 1758.37
12.31 2025.32 1753.51
17.14 2017.15 1886.87
15.79 2018.95 1847.52
13.68 2016.03 1891.88
15.06 2013.81 1940.96
9.92 2014.30 1933.17
11.38 2016.02 1893.48
9.76 2023.84 1771.84
7.11 2024.18 1760.52
8.64 2026.40 1744.87
7.39 2025.84 1741.72
2.81 2030.28 1615.36
4.95 2022.94 1764.36
12.22 2009.59 2067.09
10.08 2009.79 2054.07
3.33 2014.12 1945.82
5.06 2012.80 1982.42
1.84 2014.64 1945.25
1.40 2011.81 2000.04
5.25 2002.02 2321.98
0.63 2010.87 2015.19
7.98 2005.03 2220.09
5.04 1997.28 2433.47
10.57 2005.34 2213.70
7.66 2003.56 2283.82
6.27 2000.67 2348.04
3.72 2001.64 2320.77
5.65 1999.41 2384.21
1.74 1999.36 2370.54
3.32 2000.04 2370.98
0.61 1996.72 2451.61
1.60 1997.90 2436.65
5.06 1996.07 2477.38
2.71 1995.94 2469.49
2.90 1997.30 2436.22
9.94 2000.76 2364.40
6.15 1998.19 2427.32
0.60 1992.55 2536.42
1.40 1995.42 2468.26
6.15 1995.54 2482.38
7.46 1997.65 2430.04
1.39 1993.50 2521.20
7.44 1996.22 2483.44
2.72 1993.25 2521.49
3.78 1995.30 2476.71
0.87 1990.22 2559.00
3.81 1993.97 2516.96
6.34 1994.19 2513.87
0.79 1994.32 2502.47
7.63 1993.96 2514.21
2.80 1991.97 2546.54
1.46 1991.65 2546.97
5.49 1989.04 2563.18
2.35 1989.10 2561.81
4.14 1989.83 2562.36
12.27 1994.59 2524.82
9.64 1995.28 2497.08
5.28 1993.39 2518.01
8.35 1995.30 2496.42
14.39 1994.43 2526.84
5.39 1991.98 2547.40
9.08 1989.63 2564.20
10.29 1997.94 2430.11
7.80 1988.99 2564.23
4.00 1991.28 2548.38
16.15 1997.85 2444.17
13.49 2002.17 2323.72
12.54 1999.02 2421.57
14.57 2005.92 2202.04
7.87 1991.72 2548.72
6.63 1989.73 2563.35
6.67 1991.22 2549.21
10.08 1991.65 2549.35
12.12 1995.96 2489.18
10.65 1996.46 2486.80
10.94 2000.30 2369.94
15.14 1992.14 2551.20
13.91 1991.74 2550.69
13.48 1998.15 2435.07
11.27 1998.98 2420.71
11.90 2000.91 2369.45
8.42 2002.48 2315.00
10.25 1993.93 2525.59
11.32 1991.45 2550.09
13.87 2000.86 2374.22
19.18 1996.36 2502.38
11.77 2006.01 2210.81
17.56 1993.10 2535.81
14.88 1998.75 2435.93
11.64 1988.95 2565.00
13.10 1992.68 2544.95
13.34 1996.72 2488.23
14.97 2000.25 2379.33
14.57 1995.82 2494.19
16.92 1995.37 2506.56
17.50 1998.66 2444.68
15.83 2003.10 2306.45
13.32 1993.96 2527.10
16.52 1993.97 2531.29
11.95 1992.55 2544.31
15.40 1993.55 2531.20
16.08 1991.24 2555.24
23.44 1996.45 2505.67
12.17 1989.99 2561.53
16.77 1989.00 2568.26
15.97 1996.35 2494.60
18.92 1997.98 2450.41
17.38 1991.78 2555.93
18.24 1995.35 2507.32
13.61 1990.15 2562.09
15.80 1989.80 2565.53
25.70 1999.12 2460.55
21.55 1998.31 2455.70
21.06 1989.12 2575.19
21.91 1993.60 2545.49
18.64 1993.84 2536.47
21.81 2002.97 2337.47
20.14 2000.24 2390.68
21.48 1992.16 2558.53
18.19 2001.00 2372.40
21.88 1996.78 2503.21
18.87 1988.88 2571.63
20.18 1998.92 2450.94
26.47 1997.04 2507.80
24.26 1997.62 2496.62
20.77 1995.77 2504.66
23.74 1998.86 2459.01
19.73 1993.44 2539.24
20.92 1994.36 2539.97
28.00 1993.25 2564.24
28.58 2005.37 2275.81
20.21 1992.06 2557.86
24.09 1994.94 2540.25
18.23 1990.91 2560.91
23.75 1992.17 2564.73
22.34 1989.87 2576.97
25.05 1991.65 2567.24
23.36 2001.33 2399.85
19.00 2005.89 2221.98
21.25 2000.92 2393.28
19.96 1989.69 2573.12
19.82 2002.22 2345.63
23.10 2002.62 2340.54
24.61 2007.03 2187.27
19.19 2003.23 2312.62
17.35 2000.10 2381.64
24.12 2003.50 2336.03
22.40 2005.32 2267.49
19.92 2004.50 2273.21
17.24 2005.49 2220.86
26.79 2001.00 2416.74
24.90 2005.73 2266.45
16.13 2006.40 2203.58
14.39 2003.32 2303.76
16.09 2000.79 2378.14
18.00 2003.10 2312.61
17.57 2002.04 2342.62
16.35 2001.93 2341.44
16.14 2007.76 2130.76
13.80 2007.20 2157.80
17.99 2009.12 2091.64
14.53 2009.36 2075.07
12.36 2007.15 2157.28
13.77 2004.72 2238.39
18.38 2010.58 2042.24
15.82 2009.93 2075.46
48.92 2011.30 1958.74
46.69 2010.80 1970.31
45.69 2011.50 1977.17
44.67 2008.93 2206.59
43.70 2008.07 2281.45
45.83 2006.32 2424.39
46.40 2007.34 2331.43
47.88 2007.57 2325.07
46.29 2005.22 2507.03
48.70 2006.66 2361.31
45.34 2004.32 2488.74
50.04 1996.92 2607.33
48.37 2005.18 2538.87
47.67 2002.40 2584.87
44.36 2004.79 2471.42
47.03 2003.38 2546.86
47.33 2004.66 2526.73
50.59 2005.47 2540.96
40.93 2004.89 2420.26
44.98 1997.81 2563.07
43.99 2002.21 2516.13
49.57 2004.54 2550.23
51.71 2005.20 2546.15
52.53 2007.51 2294.03
54.63 2000.34 2656.65
48.94 2002.33 2592.24
51.23 2002.94 2620.87
54.03 2005.41 2524.35
53.54 2003.88 2644.69
52.11 2003.88 2638.62
50.43 2001.01 2620.65
51.38 2001.75 2636.61
50.63 1999.80 2617.52
56.05 2001.08 2660.75
49.63 1999.28 2608.53
57.43 1991.46 2625.58
52.53 1998.48 2639.50
58.94 2001.11 2670.11
49.20 1998.09 2590.06
51.76 1997.03 2610.21
52.38 2001.04 2646.84
57.46 2000.24 2664.94
47.64 2000.13 2588.00
40.46 1996.08 2559.15
56.13 1995.11 2635.85
58.46 1997.39 2655.06
51.76 1999.69 2622.47
54.22 1998.80 2644.64
59.00 2002.67 2710.93
55.82 2002.68 2671.66
46.99 2001.20 2560.87
49.40 2001.20 2614.78
43.22 2004.22 2458.98
35.45 2002.12 2414.96
55.45 1997.65 2651.52
60.89 1998.83 2655.35
60.26 2003.46 2720.52
58.62 2005.87 2550.44
56.44 2005.19 2543.67
56.78 2003.76 2696.61
53.83 1995.43 2625.81
60.01 1997.67 2654.44
108.82 1997.79 2370.71
110.54 1996.17 2358.87
104.86 1998.55 2376.45
106.77 1994.55 2412.15
109.29 1994.49 2378.19
106.84 1996.59 2402.89
105.56 1994.93 2417.76
107.54 1995.59 2390.68
104.43 1994.23 2428.54
104.37 1992.96 2434.49
108.60 1995.57 2386.83
107.40 1997.79 2374.37
108.72 1993.46 2400.70
112.94 1996.30 2338.35
110.22 1992.21 2396.56
111.68 1993.90 2366.37
110.52 1994.80 2374.11
113.07 1994.63 2357.94
107.26 1993.49 2402.94
106.63 1992.34 2421.11
103.47 1990.99 2434.13
107.79 1988.97 2417.12
103.13 1994.95 2438.02
102.75 1989.81 2445.16
103.11 1992.12 2442.55
104.25 1988.91 2435.56
100.49 1991.59 2460.61
101.76 1992.61 2448.88
100.69 1990.33 2452.01
85.98 1999.62 2530.05
86.19 1997.58 2519.74
84.88 1997.73 2522.45
81.95 1995.47 2548.98
135.42 1990.59 2292.37
96.57 1989.01 2477.92
134.26 1988.90 2307.11
137.19 1991.88 2274.95
135.30 1989.41 2303.16
137.32 1989.57 2294.21
130.40 1992.63 2299.34
131.32 1991.64 2298.38
128.88 1989.68 2328.96
139.45 1989.67 2288.01
140.72 1988.92 2286.70
111.44 1992.62 2393.44
116.82 1988.99 2386.48
110.19 1991.09 2402.50
63.91 2006.21 2679.82
61.43 2003.02 2721.58
61.71 2001.50 2676.42
65.82 2002.97 2684.67
60.48 2000.39 2670.91
62.67 1998.48 2654.35
69.15 2003.80 2677.02
68.52 2005.51 2700.47
68.82 2006.43 2733.76
66.49 2005.88 2722.96
65.63 2000.81 2658.62
66.04 1998.56 2645.01
65.16 2001.82 2677.24
63.63 1999.64 2655.13
77.99 1993.86 2559.71
79.74 1995.25 2558.47
77.31 1992.59 2572.06
78.20 1991.36 2565.52
87.11 1993.99 2506.25
86.39 1995.29 2517.91
71.01 1990.75 2613.61
74.17 1989.17 2599.18
68.06 1991.65 2622.87
72.02 1988.86 2603.86
60.44 1991.44 2626.08
70.10 1991.35 2617.45
4.52 2032.33 1556.14
76.58 1989.21 2591.34
2.31 2032.71 1500.68
1.52 2026.78 1708.07
5.09 2025.32 1737.15
1.25 2034.41 1357.77
1.40 2030.12 1612.21
0.64 2031.39 1558.26
1.15 2032.40 1495.93
37.18 2017.79 1702.21
35.90 2020.59 1557.78
38.03 2016.64 1727.25
39.35 2016.57 1721.82
23.37 2010.58 2063.65
21.36 2009.58 2083.39
41.03 2010.84 2101.30
42.15 2013.09 1962.69
43.10 2013.89 1937.68
41.84 2015.62 1814.44
27.82 1999.01 2462.86
37.87 2004.83 2375.26
37.28 2007.19 2269.78
35.22 2006.18 2279.11
38.09 2008.42 2248.13
36.14 2009.74 2162.82
35.46 2011.04 2092.70
33.40 2009.81 2116.26
27.03 2012.36 2001.57
25.17 2011.45 2044.60
23.43 2007.37 2181.74
25.69 2008.06 2183.33
26.15 2005.33 2271.40
26.53 2003.94 2335.39
6.09 2026.45 1736.24
5.73 2023.97 1759.15
6.41 2028.90 1692.85
0.64 2022.03 1775.97
4.08 2020.81 1793.18
3.06 2026.86 1708.69
5.28 2018.53 1831.05
1.29 2018.40 1821.96
0.77 2025.14 1733.57
3.26 2018.05 1828.14
2.29 2020.57 1796.91
3.61 2023.21 1763.66
1.61 2024.14 1744.41
2.79 2022.36 1769.44
3.02 2021.38 1792.10
5.19 2021.52 1792.87
1.22 2020.70 1796.80
3.87 2019.81 1809.26
1.77 2016.12 1870.63
2.76 2019.69 1808.68
8.70 2000.02 2362.98
0.59 2019.51 1809.70
9.78 2002.28 2316.62
11.21 2004.18 2239.48
12.41 2004.85 2236.44
11.41 1993.74 2526.92
9.56 1992.94 2531.91
8.23 1992.96 2531.42
9.11 1990.87 2550.47
12.14 2002.10 2323.59
10.16 1988.95 2565.16
12.83 2000.24 2375.44
22.47 1991.30 2563.48
23.24 1993.68 2546.18
25.46 1988.72 2584.24
25.22 1990.38 2583.45
33.99 1991.23 2593.77
23.48 1989.06 2580.89
30.43 2002.37 2396.30
19.56 1991.03 2561.45
17.89 1989.57 2569.27
22.27 2006.57 2182.11
23.84 2004.82 2271.16
22.34 2000.51 2399.07
25.72 2001.67 2406.86
22.60 1999.22 2455.38
24.54 2000.86 2405.48
26.44 1995.82 2541.87
24.66 1999.68 2456.88
31.76 1993.51 2569.54
26.65 1999.64 2459.69
25.51 1997.80 2498.12
27.83 1997.74 2510.01
29.57 1994.56 2554.71
30.78 2000.85 2456.12
28.76 1999.93 2458.89
25.56 2003.02 2339.71
29.91 1999.77 2461.80
28.15 2003.90 2338.16
32.02 1998.96 2494.15
38.04 1995.82 2554.33
28.06 2001.27 2418.48
28.86 2002.63 2392.48
33.00 2000.98 2460.29
33.01 2002.34 2404.61
30.74 1998.56 2491.39
31.96 2000.36 2459.57
28.93 1996.89 2519.50
45.11 2002.30 2522.05
34.10 2000.24 2467.11
34.22 2002.96 2405.93
33.39 1997.19 2533.74
42.14 2002.41 2480.86
34.31 2004.22 2344.47
31.86 2004.71 2319.89
35.51 2004.90 2350.51
33.84 2006.28 2276.98
44.55 2006.13 2415.48
42.26 2005.03 2426.31
38.82 2003.58 2419.13
40.25 2003.61 2425.61
38.30 2000.93 2482.42
43.08 2003.04 2493.77
37.41 1999.90 2484.40
41.49 1996.89 2560.86
40.64 2001.15 2489.92
42.00 1999.37 2530.53
35.92 1998.61 2511.78
41.73 2000.54 2495.47
40.97 2002.43 2474.80
43.45 2001.15 2507.70
39.66 2000.45 2487.16
42.46 2001.27 2503.73
43.92 2000.14 2536.52
45.76 2001.18 2555.83
39.88 1998.95 2524.67
41.12 1998.47 2528.21
38.92 1998.09 2522.72
42.84 1996.60 2563.32
35.64 1996.00 2548.17
37.81 1998.57 2519.07
38.33 1993.24 2587.97
43.67 1997.90 2560.94
49.30 1995.51 2603.74
45.95 1992.11 2614.20
36.23 1999.90 2482.85
36.87 1997.87 2517.81
35.34 2000.77 2468.65
32.99 1998.40 2500.42
34.68 1997.14 2534.65
42.61 1993.14 2595.42
45.55 1996.53 2583.31
36.88 1996.41 2550.11
39.13 1996.81 2555.79
38.62 1989.79 2607.29
34.98 1998.30 2510.76
34.04 1999.06 2502.84
32.80 1996.12 2540.46
33.06 1993.61 2570.72
30.86 1994.73 2555.61
47.30 1991.87 2615.06
30.64 1989.46 2597.52
31.38 1996.06 2538.98
40.28 1994.78 2578.04
31.18 1992.44 2574.98
30.37 1997.27 2521.32
28.65 1995.51 2546.09
29.13 1993.37 2565.03
35.59 1993.27 2582.03
35.14 1994.81 2558.68
44.94 1991.21 2611.89
54.16 1994.10 2628.65
57.14 1989.50 2623.17
57.83 1993.58 2632.96
57.00 1992.66 2629.59
58.34 1995.84 2644.11
59.04 1993.21 2633.45
57.39 1994.96 2637.44
59.94 1994.06 2636.24
60.62 1996.27 2643.86
59.68 1995.32 2645.18
55.15 1996.17 2630.04
55.80 1992.89 2629.09
52.47 1995.64 2623.35
55.37 1993.96 2629.57
51.51 1994.23 2617.59
52.18 1993.15 2623.76
47.34 1989.03 2622.50
49.81 1989.02 2624.62
50.85 1989.76 2625.11
53.10 1989.94 2625.35
53.86 1992.13 2625.64
56.64 1990.65 2625.11
61.20 1989.10 2619.14
48.34 1989.73 2624.05
59.12 1989.82 2621.57
54.40 1989.74 2625.27
52.07 1989.05 2625.37
54.97 1991.93 2626.19
55.59 1988.85 2624.17
61.37 1992.17 2626.74
58.50 1988.96 2622.87
58.55 1991.17 2625.44
61.15 1993.59 2636.49
59.32 1992.00 2626.25
51.84 1991.89 2623.26
55.38 1990.89 2625.18
52.97 1991.29 2624.22
50.75 1991.25 2622.10
49.60 1991.80 2620.59
47.95 1993.13 2613.63
47.73 1995.37 2602.15
49.26 1993.07 2614.37
48.22 1991.02 2619.29
50.05 1994.20 2616.13
46.98 1996.55 2585.46
44.83 1995.59 2582.23
45.79 1993.68 2604.46
47.18 1994.12 2605.94
44.90 1994.34 2599.13
41.01 1993.38 2593.16
42.48 1990.01 2613.01
96.70 1991.82 2484.09
99.12 1992.01 2466.74
95.51 1991.21 2489.16
97.86 1989.73 2472.63
94.04 1993.08 2482.50
92.18 1991.87 2497.52
89.01 1992.60 2501.60
94.30 1989.01 2491.63
91.99 1989.04 2507.04
99.98 1989.43 2459.79
98.92 1989.02 2463.32
100.90 1988.71 2454.54
86.83 1998.71 2512.23
84.62 1999.02 2536.95
83.37 1999.76 2546.70
82.78 1996.71 2540.23
80.22 1992.95 2548.81
82.47 1994.21 2534.37
84.72 1992.57 2525.15
84.82 1995.30 2520.32
82.32 1991.62 2543.46
81.59 1990.62 2558.24
80.37 1990.62 2560.05
83.81 1991.36 2541.05
89.86 1988.81 2521.69
80.00 1989.48 2576.49
83.08 1988.98 2562.15
79.64 1991.60 2563.22
77.82 1989.88 2587.46
81.97 1989.48 2565.74
87.06 1991.29 2518.27
86.66 1989.85 2544.03
85.43 1989.19 2549.74
90.47 1990.65 2514.19
129.14 1991.90 2303.30
130.71 1990.60 2312.63
64.98 2003.93 2704.36
63.97 2002.05 2678.33
38.99 2020.72 1503.67
36.98 2020.32 1548.44
39.84 2021.60 1465.39
37.98 2022.29 1429.41
37.52 2015.19 1881.59
39.69 2015.22 1844.46
40.81 2014.79 1841.39
41.66 2016.99 1669.47
42.77 2017.85 1658.95
40.11 2018.90 1562.97
5.36 2030.00 1651.69
3.98 2027.97 1698.05
2.39 2018.72 1822.34
0.70 2016.98 1859.35
24.53 1989.48 2582.26
28.08 1991.10 2582.49
25.51 1994.82 2542.25
26.10 1992.52 2568.70
27.53 1995.13 2545.30
27.31 1994.06 2555.86
26.13 1993.75 2554.46
27.37 1992.15 2569.98
26.15 1989.63 2585.98
28.20 1988.87 2594.17
29.84 1992.47 2574.50
29.42 1991.29 2583.50
36.98 1992.50 2585.86
27.41 1989.78 2586.81
31.62 1991.30 2590.07
29.68 1988.87 2594.99
45.11 2000.08 2540.30
43.20 1999.10 2533.67
48.78 2000.20 2592.78
47.00 1998.98 2568.37
38.60 1994.61 2576.95
39.86 1992.18 2591.32
39.97 1990.41 2608.84
43.44 1988.97 2616.89
41.19 1989.35 2611.63
44.93 1989.68 2618.03
43.23 1991.54 2610.56
47.71 1997.86 2587.18
45.70 1998.95 2565.20
43.44 1995.56 2581.07
43.51 1994.31 2598.03
94.38 1991.79 2492.52
92.67 1993.13 2483.68
90.62 1993.89 2489.89
90.88 1989.54 2513.04
88.45 1993.86 2503.33
88.87 1989.46 2530.83
89.20 1990.57 2515.04
84.19 1989.86 2554.59
87.76 1988.97 2535.57
91.00 1991.68 2499.19
90.24 1992.69 2500.38
88.49 1991.51 2516.29
33.58 1994.89 2558.06
34.17 1992.48 2580.05
32.70 1990.78 2592.37
36.89 1988.73 2606.91
32.02 1988.90 2598.59
34.94 1989.94 2601.87
37.17 1990.83 2604.91
34.17 1988.90 2600.77
30.45 1990.56 2588.11
32.92 1989.49 2600.10
36.17 1989.77 2602.93
38.37 1988.73 2607.23
59.26 2033.03 685.58
57.17 2034.18 649.89
130.75 2028.21 1235.74
133.24 2027.85 1219.30
120.38 1998.01 2248.47
120.89 1999.77 2219.21
120.63 2000.92 2208.65
119.06 1999.36 2234.84
121.63 2001.50 2199.40
119.19 2002.66 2200.36
106.93 1989.90 2422.76
108.54 1991.42 2409.88
109.91 1988.89 2410.36
111.05 1989.54 2407.22
109.24 1990.64 2405.12
36.57 2002.79 2416.62
14.57 1989.11 2564.61
0.76 2029.08 1630.13
37.93 2002.29 2421.50
45.86 1989.03 2622.00
