x z velocity
18.25 2038.47 235.11
10.96 2038.44 176.05
43.66 2040.53 108.07
7.04 2038.52 108.04
2.30 2037.86 167.07
4.34 2038.15 139.73
39.34 2040.54 121.76
2.66 2037.84 176.39
40.70 2040.52 106.68
7.39 2038.01 228.03
0.17 2037.10 1612.38
43.85 2039.94 167.99
8.73 2037.75 300.05
37.09 2039.89 138.96
2.16 2037.96 161.12
42.99 2040.65 101.85
1.84 2037.90 151.08
2.48 2037.96 170.43
7.26 2038.20 195.62
2.85 2037.98 179.10
3.18 2038.07 184.07
9.17 2038.83 161.74
10.52 2038.41 172.63
4.03 2038.13 150.53
4.50 2038.27 133.69
4.17 2038.24 143.68
13.85 2038.99 129.39
26.46 2039.88 191.54
5.04 2038.22 112.50
6.87 2038.18 145.74
3.53 2038.09 174.76
3.13 2037.70 216.91
7.55 2038.30 174.99
21.73 2039.65 161.86
23.25 2038.07 482.69
6.33 2038.36 103.15
22.82 2039.07 254.31
5.83 2038.52 101.51
7.68 2038.59 133.80
24.16 2039.61 149.78
20.61 2038.65 271.07
6.52 2038.51 103.13
7.84 2038.71 136.40
8.02 2038.59 138.81
7.36 2038.56 124.37
25.20 2039.74 210.42
6.72 2038.42 104.55
25.72 2039.86 216.51
6.14 2038.51 102.00
19.86 2039.50 132.88
3.38 2037.97 182.69
8.40 2038.58 148.78
38.00 2040.38 110.54
8.18 2038.71 144.49
8.75 2038.66 156.47
40.82 2040.09 135.99
31.18 2040.24 105.76
9.04 2038.74 158.87
10.37 2038.68 135.22
9.83 2038.83 146.45
17.36 2039.14 106.37
29.16 2040.20 103.71
9.33 2038.73 159.03
19.18 2039.42 112.04
10.18 2038.78 137.53
33.28 2039.71 145.86
10.52 2038.85 124.72
6.79 2037.86 310.52
10.70 2038.75 120.90
26.02 2039.63 192.94
3.03 2037.90 180.91
12.35 2038.71 103.25
5.79 2037.77 253.60
11.83 2038.93 101.91
12.14 2038.89 102.34
36.13 2040.42 100.48
16.65 2039.09 119.28
12.86 2038.94 103.18
8.55 2038.73 154.73
13.03 2038.85 104.73
14.00 2038.90 135.15
21.39 2038.85 187.60
13.51 2038.93 117.49
12.28 2038.39 171.82
12.54 2038.85 102.89
24.54 2040.01 112.24
19.51 2039.50 122.96
14.16 2039.00 141.58
39.42 2039.92 146.44
14.87 2039.05 145.15
14.72 2038.84 147.12
7.51 2038.69 129.70
39.80 2040.60 116.91
15.05 2038.96 145.83
12.73 2038.75 103.62
15.54 2039.06 149.55
16.83 2039.19 115.16
16.31 2038.98 149.35
10.50 2035.86 1034.34
5.97 2038.42 102.11
16.49 2039.19 124.25
32.12 2040.27 114.81
14.52 2038.93 146.46
27.54 2039.91 227.52
27.81 2040.19 183.66
17.33 2038.20 436.92
8.01 2038.33 175.19
28.46 2039.61 260.67
17.18 2039.22 106.62
8.87 2038.81 158.36
46.72 2040.70 120.30
18.19 2039.27 103.29
12.89 2038.54 115.87
23.69 2039.82 112.49
25.80 2038.88 301.90
23.19 2039.53 141.93
17.25 2038.75 156.77
11.68 2038.84 102.21
17.52 2039.27 104.34
17.60 2038.88 130.94
28.75 2039.43 275.46
21.39 2039.58 159.47
26.83 2040.19 197.47
25.04 2039.84 192.32
25.37 2039.83 212.78
17.84 2039.31 103.77
18.70 2039.32 102.85
20.32 2037.97 414.96
44.59 2040.41 143.89
18.03 2039.16 104.12
18.96 2039.11 117.92
20.85 2039.60 156.24
10.84 2038.87 113.89
9.44 2038.36 185.59
16.80 2038.72 158.80
43.28 2040.61 104.14
18.53 2039.38 102.39
38.87 2040.54 124.50
22.30 2039.73 148.05
32.18 2039.81 134.94
17.01 2039.09 111.67
16.42 2038.85 153.24
36.30 2040.28 100.75
15.34 2038.71 163.57
14.00 2038.68 152.17
23.85 2039.93 111.69
17.93 2038.69 209.00
23.36 2039.84 113.44
26.73 2039.61 188.12
22.01 2039.74 158.14
23.61 2039.59 143.61
24.19 2040.00 110.32
24.86 2040.09 117.22
25.18 2040.10 136.62
20.04 2039.43 135.39
22.10 2039.09 188.57
26.02 2040.02 189.73
17.44 2038.52 234.60
26.18 2040.11 191.01
26.48 2039.66 178.67
16.18 2039.19 132.27
28.00 2040.04 169.47
13.08 2038.64 119.08
28.19 2040.16 153.69
26.36 2040.04 191.76
14.90 2038.62 153.83
10.01 2038.67 140.99
27.49 2040.21 194.24
41.70 2040.54 101.53
28.37 2040.08 146.02
28.68 2040.16 120.08
44.19 2040.37 133.75
28.52 2040.24 126.45
36.98 2040.12 111.30
29.99 2040.11 102.35
2.82 2037.34 233.56
22.16 2039.83 153.19
25.60 2039.50 206.19
31.94 2040.20 113.91
29.82 2040.25 101.69
27.63 2040.10 188.63
30.35 2040.12 102.33
30.17 2040.21 102.02
22.67 2039.68 137.08
30.68 2040.18 102.16
30.51 2040.27 101.76
12.59 2038.04 270.78
32.29 2040.11 119.05
31.82 2040.31 111.52
9.66 2038.45 177.69
32.50 2040.23 120.01
15.88 2039.13 142.49
29.66 2040.16 101.99
13.17 2038.96 108.24
43.86 2040.64 109.88
33.06 2040.17 119.39
11.19 2038.84 104.28
33.21 2040.29 117.78
33.40 2040.22 116.79
6.86 2038.61 104.65
32.85 2040.29 119.90
0.49 2037.76 150.38
43.47 2040.68 104.60
33.83 2040.37 108.04
35.05 2040.26 101.48
34.85 2040.38 101.77
8.91 2038.47 168.15
35.82 2040.44 100.38
34.14 2040.34 104.65
14.35 2038.81 145.44
34.51 2040.31 103.11
24.73 2039.95 115.15
35.20 2040.36 100.83
26.51 2040.18 194.14
21.04 2039.52 155.65
4.84 2038.33 119.24
11.97 2038.80 102.52
36.50 2040.40 100.77
23.75 2039.30 247.72
36.84 2040.46 101.20
37.18 2040.44 102.58
13.28 2038.61 121.60
15.75 2038.98 149.36
37.83 2040.52 106.32
28.50 2039.89 154.19
38.17 2040.48 113.98
38.72 2040.43 123.17
26.93 2039.42 258.71
37.68 2040.41 105.23
34.31 2040.20 104.06
37.02 2040.33 101.99
21.19 2039.69 158.32
45.63 2040.54 148.85
39.98 2040.46 114.18
1.20 2037.80 131.80
39.49 2040.62 120.22
40.17 2040.58 111.86
35.67 2040.36 100.44
11.52 2038.91 102.17
40.86 2040.62 104.62
40.51 2040.64 107.79
41.35 2040.60 101.68
13.35 2038.83 112.58
16.11 2038.79 163.57
40.35 2040.48 110.95
11.16 2038.19 204.32
38.52 2040.55 120.83
5.68 2038.42 101.85
39.90 2040.18 134.82
8.43 2038.28 190.39
11.69 2038.65 109.85
41.87 2040.63 101.30
11.87 2038.61 110.69
42.17 2040.72 101.04
41.50 2040.69 101.34
5.20 2038.36 104.54
4.27 2037.92 175.62
42.04 2040.57 101.36
44.50 2040.72 130.66
43.15 2040.73 102.23
43.16 2040.44 107.30
44.70 2040.21 184.42
42.50 2040.68 101.08
46.85 2040.79 113.16
44.05 2040.56 112.85
2.23 2037.67 165.30
40.44 2040.28 121.69
44.35 2040.63 125.07
33.06 2039.90 134.43
44.84 2040.68 142.21
45.82 2040.64 146.70
39.63 2040.52 118.12
45.32 2040.63 148.11
31.66 2040.23 110.58
28.90 2039.92 149.50
46.03 2040.52 147.57
35.95 2040.34 100.50
46.41 2040.64 135.79
47.04 2040.71 110.83
36.21 2040.00 106.68
46.53 2040.78 123.03
28.83 2040.24 112.55
46.21 2040.71 137.98
40.68 2040.30 122.02
44.19 2040.71 121.44
15.18 2039.08 149.02
45.48 2040.72 148.37
25.35 2040.02 146.45
19.44 2039.17 148.50
20.69 2039.49 154.20
29.51 2040.25 101.88
22.48 2039.82 143.94
29.66 2039.93 121.89
29.87 2039.88 123.35
31.82 2040.02 116.81
30.48 2039.88 119.74
30.83 2040.27 102.20
28.69 2039.96 149.53
28.99 2040.11 107.13
27.00 2040.10 199.48
26.99 2039.90 212.69
34.24 2039.92 121.65
35.85 2040.17 101.67
33.52 2040.36 111.78
33.87 2040.11 115.24
32.68 2040.12 121.06
32.79 2039.85 133.68
33.53 2039.83 152.17
33.96 2040.27 105.71
31.51 2040.30 109.02
31.65 2040.06 115.99
37.52 2040.50 104.05
37.69 2040.18 117.29
37.91 2040.14 119.81
39.53 2040.35 126.54
36.67 2040.30 101.11
36.74 2040.09 110.01
35.52 2040.43 100.44
35.68 2040.20 101.57
41.18 2040.68 101.73
41.36 2040.40 106.75
41.60 2040.34 106.74
43.13 2039.62 409.99
42.21 2040.45 102.11
42.34 2040.61 101.14
39.18 2040.61 122.52
39.35 2040.38 126.66
45.17 2040.72 147.15
45.29 2040.42 161.57
46.47 2040.22 193.97
47.52 2040.86 103.93
45.20 2039.83 212.82
47.58 2040.08 238.73
44.38 2040.44 141.19
44.67 2040.60 137.73
42.84 2040.73 101.20
42.98 2040.48 106.79
0.84 2037.76 123.40
2.03 2037.67 160.22
4.49 2037.76 208.17
5.88 2038.22 112.97
3.86 2038.19 154.60
4.08 2037.92 172.60
2.61 2037.55 203.92
2.00 2037.85 154.14
8.89 2038.25 207.49
9.49 2038.81 155.49
7.83 2038.26 178.12
11.77 2038.13 207.02
7.39 2038.37 175.10
8.66 2038.12 197.72
7.18 2038.65 120.10
7.09 2038.27 166.74
5.52 2038.47 101.77
5.70 2038.24 111.17
10.73 2038.47 171.89
11.03 2038.73 109.37
11.37 2038.76 104.07
11.98 2038.37 168.55
9.38 2038.10 246.00
13.41 2038.40 167.48
25.20 2039.55 230.14
16.33 2039.12 128.70
15.11 2038.74 160.73
15.38 2038.95 150.03
13.69 2038.85 122.25
13.79 2038.64 149.22
11.86 2037.76 445.53
24.67 2038.16 568.24
22.59 2039.37 213.35
18.55 2039.00 111.93
20.19 2039.58 142.92
30.95 2038.64 446.13
16.06 2039.09 141.54
15.53 2038.45 198.15
13.69 2038.41 169.77
23.39 2039.62 141.20
28.16 2039.50 251.70
23.50 2039.95 110.99
18.38 2039.19 103.68
25.40 2039.40 216.48
19.67 2039.19 150.04
17.67 2038.63 212.16
17.69 2039.19 104.47
15.83 2038.48 200.15
23.19 2039.92 113.77
24.40 2039.66 154.34
24.04 2039.84 113.47
27.32 2040.12 198.05
25.84 2040.15 179.47
25.68 2040.04 168.93
14.64 2038.02 234.96
22.31 2039.34 203.93
21.83 2039.22 182.00
17.95 2038.96 118.61
29.34 2040.11 103.36
29.44 2039.88 124.30
30.69 2039.94 118.61
31.01 2040.14 104.28
27.66 2039.70 249.02
30.35 2039.61 293.76
19.02 2039.32 106.38
31.67 2039.56 148.77
34.69 2040.22 102.85
34.79 2040.01 108.27
33.68 2040.30 110.33
33.70 2040.14 115.80
31.35 2040.17 107.15
31.90 2039.80 134.65
30.91 2039.91 120.37
33.90 2039.33 226.61
37.36 2040.35 103.36
37.49 2040.13 116.09
38.36 2040.39 117.10
38.45 2040.17 140.76
35.38 2040.30 100.80
35.94 2039.97 106.59
34.44 2039.67 130.30
38.69 2039.72 177.44
41.04 2040.54 103.88
41.16 2040.35 107.63
39.05 2040.47 124.42
39.63 2040.15 134.96
38.07 2039.86 168.51
43.00 2039.99 149.21
45.00 2040.59 147.11
45.09 2040.39 162.71
43.57 2040.23 130.18
46.78 2040.03 213.49
45.50 2040.33 161.26
42.68 2040.61 101.31
43.27 2040.22 128.55
41.67 2040.03 152.01
44.50 2039.92 199.66
1.52 2037.88 143.31
2.35 2037.49 198.61
1.91 2037.29 214.90
3.08 2037.44 236.77
4.68 2038.19 129.27
4.73 2037.91 240.00
3.73 2038.03 172.04
3.89 2037.84 185.86
2.19 2037.24 203.27
10.06 2038.13 225.41
1.87 2037.54 172.34
1.69 2037.81 146.83
9.09 2038.55 174.36
9.65 2038.71 151.21
9.10 2038.04 241.08
9.27 2038.54 176.67
6.25 2038.05 188.96
6.28 2037.37 534.81
5.38 2038.31 104.41
5.98 2038.01 186.26
4.98 2037.93 254.65
5.90 2037.40 506.62
9.91 2038.41 175.13
9.91 2037.77 310.13
11.50 2038.58 110.13
11.47 2038.30 194.69
14.23 2038.59 156.33
13.93 2038.08 219.37
20.60 2039.24 167.16
29.80 2039.30 279.49
17.72 2039.01 120.04
21.86 2039.80 159.06
20.07 2038.98 179.18
22.86 2039.82 128.70
15.89 2038.76 163.40
16.61 2038.88 151.85
27.18 2039.81 238.99
18.96 2038.56 255.96
21.53 2038.42 299.38
27.34 2039.93 228.67
27.16 2040.19 198.75
26.66 2039.94 192.68
25.51 2040.12 159.31
19.36 2039.35 116.01
25.95 2039.15 242.55
25.32 2039.17 251.33
24.91 2038.74 413.37
31.09 2039.65 161.46
29.30 2039.63 262.87
20.35 2039.50 146.26
33.80 2039.70 147.82
35.03 2040.04 108.14
31.46 2040.00 115.76
31.40 2039.72 153.29
36.67 2039.85 121.63
38.70 2040.21 141.03
35.50 2040.14 101.65
35.46 2039.87 111.50
40.38 2040.03 140.02
42.35 2040.17 134.11
39.17 2040.31 127.48
39.14 2040.05 145.75
44.98 2040.19 184.21
47.31 2039.35 405.91
46.55 2040.46 143.92
47.37 2040.75 105.32
47.89 2040.84 103.30
46.15 2040.22 190.06
45.51 2039.94 198.60
42.78 2040.43 106.62
42.70 2040.16 134.51
1.39 2037.74 135.46
1.04 2037.65 122.90
1.69 2037.62 163.58
1.50 2037.56 159.93
3.37 2037.74 228.83
7.08 2037.56 506.82
5.52 2038.15 110.73
7.68 2038.40 170.92
5.51 2037.88 252.37
24.59 2039.21 227.46
17.41 2038.93 131.83
16.37 2038.47 229.88
19.79 2038.98 176.79
22.21 2039.55 176.58
19.28 2038.24 383.07
24.30 2039.07 231.12
31.51 2038.91 526.19
19.37 2038.94 199.40
26.01 2038.51 484.47
33.53 2040.07 117.90
33.97 2039.91 122.81
47.19 2040.82 105.36
47.08 2040.53 133.05
46.74 2040.51 140.94
47.69 2040.52 123.27
47.02 2040.17 222.84
46.92 2040.42 140.92
1.11 2037.33 165.27
1.38 2037.30 172.97
7.38 2037.71 491.81
1.62 2037.10 225.86
7.57 2038.10 219.69
7.75 2038.06 224.53
3.80 2037.57 290.48
7.86 2037.05 806.44
27.20 2039.55 285.92
24.06 2039.31 231.45
24.60 2039.50 178.74
21.08 2039.01 195.76
25.05 2039.22 261.98
22.03 2039.57 171.52
16.30 2038.70 169.40
17.03 2038.82 154.86
31.76 2039.18 311.24
35.73 2039.74 113.25
1.36 2036.43 1289.26
47.43 2040.55 123.26
3.33 2037.28 244.76
0.75 2036.87 1371.56
0.61 2037.38 230.01
7.88 2037.81 303.83
8.21 2038.16 188.10
18.63 2037.54 642.21
18.59 2038.66 243.54
47.29 2040.44 132.44
47.74 2040.73 104.23
46.76 2039.65 317.51
47.74 2039.64 408.44
0.67 2037.63 135.64
0.93 2036.53 1328.69
8.16 2037.84 295.23
10.42 2038.13 238.61
8.46 2037.59 300.69
16.11 2036.77 819.39
26.28 2039.20 250.08
47.28 2040.19 226.13
47.84 2040.30 219.11
0.11 2037.68 484.98
0.86 2037.18 176.89
0.33 2037.33 257.21
0.27 2037.58 222.18
0.35 2036.84 1495.11
40.11 2039.95 143.16
39.57 2039.58 211.25
2.35 2036.94 378.77
3.51 2037.53 274.39
25.01 2039.45 244.99
34.46 2038.33 464.76
32.35 2039.52 173.26
32.68 2039.56 167.82
36.40 2039.78 117.80
35.88 2039.40 155.56
16.20 2037.86 396.87
16.69 2038.44 245.29
29.44 2039.32 285.07
24.28 2038.04 591.47
34.73 2039.74 127.85
35.21 2039.81 112.16
38.38 2039.89 170.45
38.89 2039.98 148.84
9.58 2037.78 304.73
19.67 2038.42 400.92
13.60 2037.79 277.61
20.78 2038.96 204.57
28.99 2039.67 286.00
33.26 2039.36 192.31
32.92 2039.25 178.88
37.31 2039.23 269.69
37.37 2039.89 140.77
40.74 2039.47 261.92
41.08 2040.11 138.23
43.95 2038.97 290.92
9.00 2037.71 310.55
9.30 2037.50 328.88
19.70 2039.39 127.84
25.78 2038.14 528.32
24.66 2038.55 388.99
25.36 2038.22 541.13
0.15 2036.08 2061.77
0.33 2036.32 2090.33
40.64 2039.87 141.29
41.34 2039.85 155.86
38.45 2038.96 299.95
42.08 2039.88 159.23
1.67 2036.72 831.44
5.21 2037.73 266.17
2.71 2036.98 385.31
4.69 2036.51 809.77
20.02 2038.33 377.57
26.89 2039.08 255.29
27.25 2038.32 481.31
22.04 2037.17 997.30
20.50 2039.61 150.46
35.03 2039.57 128.11
36.90 2039.68 135.90
37.52 2039.59 203.73
36.62 2039.11 239.46
37.59 2038.91 303.28
29.56 2038.57 333.67
19.60 2038.78 199.15
23.50 2038.99 313.23
25.03 2037.94 591.39
34.28 2039.29 235.40
34.64 2038.89 378.73
36.97 2039.31 285.18
37.90 2039.56 206.33
23.05 2039.74 125.79
18.18 2037.95 561.57
18.75 2039.12 115.22
32.66 2037.90 481.03
24.40 2039.90 111.69
23.15 2039.18 274.40
7.70 2037.54 508.07
11.77 2036.81 866.98
24.82 2039.59 209.77
32.83 2038.85 460.38
20.74 2038.20 390.25
16.66 2037.75 404.61
26.42 2038.54 484.18
27.30 2038.81 269.94
8.35 2037.07 773.68
25.46 2038.90 313.27
31.83 2038.19 504.83
30.34 2038.84 359.84
23.62 2038.54 418.07
31.18 2038.36 523.52
12.92 2038.15 297.38
11.05 2037.65 486.06
16.14 2038.96 150.45
27.48 2039.46 303.04
44.19 2040.05 181.43
47.06 2038.62 448.27
4.03 2037.26 356.77
5.59 2037.08 527.73
45.88 2039.85 195.49
44.86 2039.63 291.70
5.18 2037.29 499.33
7.00 2037.07 1008.42
14.26 2038.21 216.47
21.14 2039.31 161.54
38.81 2039.31 264.21
43.67 2039.56 378.01
32.40 2038.77 454.74
39.99 2039.59 216.72
36.28 2039.41 155.98
38.01 2039.13 285.84
24.05 2038.45 424.47
33.13 2038.55 484.48
4.43 2037.38 343.36
7.47 2036.73 1016.38
13.24 2038.04 276.08
27.61 2039.07 266.21
33.57 2038.70 493.81
32.00 2037.29 604.68
38.08 2038.01 429.07
39.58 2038.70 399.46
0.37 2035.78 2021.43
0.18 2036.58 2237.83
2.12 2036.61 738.01
39.31 2039.21 268.16
40.37 2039.27 238.76
3.81 2036.81 496.06
3.04 2036.67 484.14
28.01 2039.07 274.07
31.71 2037.73 577.36
32.16 2039.13 310.67
33.61 2039.11 232.47
25.95 2039.83 212.69
26.81 2039.83 194.79
29.37 2035.83 1130.70
37.07 2037.42 532.63
22.21 2038.76 262.18
30.18 2037.63 559.45
29.96 2038.86 348.79
31.83 2036.12 754.16
12.38 2037.65 445.13
30.58 2038.09 529.90
21.19 2038.02 385.51
26.29 2039.52 179.67
42.23 2039.30 340.61
46.19 2039.48 291.44
3.40 2036.88 470.86
2.32 2036.15 1391.84
44.65 2039.03 279.35
46.23 2038.73 429.57
22.65 2038.71 259.41
25.82 2039.42 201.23
4.78 2037.08 467.76
5.21 2036.12 757.92
24.86 2039.06 244.84
16.92 2037.34 681.41
21.54 2039.70 161.28
25.57 2039.74 216.27
0.55 2034.91 1972.87
0.68 2036.24 1980.96
30.94 2039.31 418.30
35.92 2038.45 458.31
21.86 2039.49 169.96
31.53 2038.49 503.31
11.45 2037.38 511.03
28.83 2038.97 381.99
26.00 2037.66 712.07
16.12 2038.27 217.55
33.09 2038.06 500.03
14.96 2038.29 216.12
35.10 2039.11 331.53
35.58 2038.98 270.51
8.85 2036.64 919.97
25.08 2037.36 873.18
10.31 2037.36 433.91
10.65 2037.62 472.42
6.45 2037.78 306.82
6.54 2036.96 1075.86
21.58 2039.14 178.32
17.66 2037.82 541.12
38.57 2038.31 401.23
41.18 2039.44 290.21
39.20 2038.16 432.40
43.33 2038.63 352.18
0.22 2035.37 1990.76
1.48 2035.90 1403.03
2.87 2036.17 1407.94
3.25 2034.20 1408.30
26.73 2038.16 500.01
31.14 2037.13 533.71
16.90 2038.14 409.43
31.12 2038.98 562.14
29.99 2039.60 277.13
18.84 2039.43 103.16
41.65 2039.02 360.76
40.66 2038.22 480.08
10.08 2036.83 861.27
3.50 2029.81 1918.41
1.09 2035.62 1792.91
1.98 2035.74 1357.28
15.51 2037.83 405.26
15.92 2037.65 409.62
15.37 2038.15 221.60
24.85 2039.79 170.81
20.23 2038.69 273.33
40.22 2038.75 413.20
5.70 2036.48 776.02
9.40 2036.96 827.24
14.89 2037.46 557.40
30.51 2037.00 506.08
0.74 2033.78 1720.82
6.66 2035.83 1067.71
19.12 2038.90 181.94
20.18 2039.21 160.70
31.25 2037.66 536.07
33.06 2036.77 715.97
0.72 2035.86 2021.25
1.07 2035.08 1985.90
32.51 2037.34 614.79
26.54 2038.96 267.35
20.38 2039.27 163.75
30.54 2039.28 411.27
30.57 2038.53 397.89
25.03 2040.01 126.40
29.22 2038.90 358.16
32.27 2038.30 498.87
21.39 2039.36 164.88
25.24 2038.63 453.35
24.32 2038.73 389.36
33.88 2038.27 465.74
6.27 2036.40 807.86
13.14 2036.69 1072.48
25.62 2037.16 732.57
34.92 2037.69 482.54
27.93 2039.74 241.38
28.40 2038.72 355.00
31.64 2036.85 565.35
38.16 2035.57 971.04
37.54 2038.44 424.22
26.68 2040.10 195.58
42.09 2037.63 461.99
42.79 2039.16 367.17
39.53 2037.58 532.10
47.49 2037.90 507.56
5.13 2035.38 965.67
31.02 2037.99 514.20
2.15 2035.05 1410.45
11.45 2035.85 1047.60
32.72 2036.00 785.32
29.58 2037.89 461.15
33.56 2037.82 494.28
21.98 2038.36 299.76
22.77 2038.19 539.84
12.47 2037.02 881.40
22.52 2036.68 1023.03
15.36 2037.41 584.64
15.77 2037.24 636.49
24.57 2037.12 871.74
22.32 2037.91 578.99
21.37 2037.22 928.98
23.31 2036.97 960.82
5.68 2034.88 1031.31
13.74 2037.19 710.15
41.48 2038.35 456.47
46.13 2034.87 821.46
24.13 2037.59 643.03
28.67 2036.58 876.08
27.49 2037.24 851.08
27.68 2037.87 538.90
8.02 2035.48 1152.44
15.80 2036.06 913.76
27.86 2036.49 931.71
26.54 2037.65 734.22
20.85 2036.92 856.88
24.39 2036.56 1113.38
1.51 2033.90 1706.31
3.89 2035.73 1144.85
36.55 2038.58 488.76
37.00 2038.20 454.65
4.12 2036.36 892.28
3.22 2035.64 1196.59
19.69 2036.66 779.52
20.26 2037.50 756.48
28.31 2038.08 604.35
28.93 2037.54 534.29
26.63 2036.51 956.36
25.93 2036.49 999.30
23.53 2037.53 618.03
23.74 2036.47 1097.86
22.68 2035.86 1304.86
24.73 2035.89 1723.59
17.49 2037.36 654.29
23.53 2035.81 1353.87
4.12 2034.31 1389.10
7.40 2036.05 1148.14
16.76 2036.79 776.01
17.84 2036.80 728.41
24.13 2035.37 1663.32
30.33 2036.15 1007.20
19.21 2037.72 651.57
17.38 2036.37 764.73
19.70 2037.32 648.02
25.50 2035.80 1810.52
14.52 2036.95 653.29
20.51 2036.36 766.52
22.25 2034.94 1526.28
31.15 2035.56 876.91
16.51 2035.22 1200.05
21.28 2034.83 1550.43
45.40 2038.39 354.01
43.97 2036.96 522.30
0.32 2034.38 1816.64
0.41 2032.91 1725.85
1.62 2034.67 1767.84
2.89 2033.42 1621.27
2.04 2033.30 1642.71
40.35 2037.59 542.09
42.16 2035.76 1077.31
26.34 2030.38 1745.90
37.82 2037.30 518.78
9.78 2035.15 1183.02
14.91 2036.13 931.16
34.46 2036.90 819.01
33.68 2037.09 777.11
2.84 2034.94 1387.12
4.38 2035.13 1026.46
26.86 2037.17 903.10
27.28 2035.97 1197.71
18.45 2036.84 797.07
20.57 2035.62 1369.58
17.44 2035.51 1197.63
23.13 2033.95 1946.80
34.99 2035.98 748.05
35.68 2037.77 445.52
13.32 2035.69 1288.73
19.75 2035.18 1522.70
33.22 2035.00 1155.62
40.16 2035.40 1261.70
26.00 2034.77 1470.65
27.08 2034.92 1521.42
19.03 2036.37 880.71
19.02 2035.63 1440.08
34.44 2034.92 1113.96
36.38 2037.11 581.77
18.24 2035.09 1304.22
18.72 2034.11 2076.83
6.94 2034.42 1458.16
8.81 2035.80 1201.81
1.79 2032.34 1720.38
4.38 2032.50 1677.76
14.32 2035.36 1299.23
12.33 2035.06 1197.56
19.70 2034.24 1976.24
6.43 2035.12 1068.17
8.42 2033.78 1741.64
4.79 2033.58 1435.53
5.04 2031.63 1791.54
0.95 2032.07 1728.66
2.62 2031.76 1715.36
16.11 2034.23 1882.19
25.27 2033.93 1503.78
7.78 2034.56 1579.52
7.99 2032.75 1650.45
5.59 2033.91 1426.29
6.41 2033.61 1453.62
3.36 2032.45 1679.88
9.63 2034.05 1857.24
0.53 2031.00 1840.92
1.23 2030.17 1878.54
3.11 2028.35 2011.06
6.82 2032.72 1644.23
2.48 2030.65 1881.55
1.55 2028.02 2008.06
38.39 2036.65 725.90
39.30 2036.83 688.83
19.06 2031.90 2607.43
10.32 2033.14 1817.33
24.16 2034.44 1729.36
32.55 2030.35 2198.41
37.11 2030.40 2322.16
22.99 2032.52 2146.90
32.41 2033.95 1538.90
36.15 2036.11 786.19
29.02 2031.84 1690.12
40.72 2036.87 621.76
39.16 2034.84 1254.87
41.63 2036.78 621.01
20.21 2031.91 2539.16
24.18 2031.81 2053.05
40.07 2036.32 802.74
41.34 2034.92 1294.25
38.06 2031.43 2339.57
45.22 2037.26 543.07
43.47 2035.74 1049.47
43.12 2037.83 506.82
47.15 2033.89 990.14
46.47 2036.21 631.98
27.97 2034.08 1627.78
29.17 2034.58 1737.07
20.12 2028.98 2213.31
14.81 2034.30 1924.39
8.63 2031.81 1959.18
16.25 2031.95 2842.10
32.84 2032.68 1644.79
30.23 2033.73 1761.41
44.37 2034.69 818.78
47.49 2036.57 609.90
27.93 2032.44 1719.00
31.23 2034.38 1706.65
6.88 2030.62 1996.71
14.04 2033.24 2605.78
26.73 2031.85 1775.74
44.82 2032.32 1370.71
26.45 2023.65 2062.23
36.67 2033.73 1325.95
11.64 2032.85 1916.23
8.12 2025.30 2112.90
20.63 2033.81 1944.61
24.61 2030.44 1731.43
4.61 2022.51 2101.61
25.43 2032.73 1845.72
42.49 2033.10 1283.57
46.37 2029.97 1743.06
43.84 2033.40 1258.88
6.28 2031.77 1802.60
0.86 2026.86 2046.85
16.99 2030.87 2580.42
0.70 2029.00 1970.20
34.47 2032.36 1643.33
37.01 2035.23 992.47
18.24 2033.15 2728.63
21.43 2029.84 2138.34
3.99 2027.50 2050.30
10.15 2029.94 2182.44
31.95 2031.51 1887.06
42.00 2031.77 1798.90
40.32 2033.10 1414.64
41.21 2027.85 1992.71
14.13 2030.70 2492.58
21.61 2026.58 2108.00
12.56 2033.68 2461.70
11.76 2031.43 2478.37
8.82 2029.67 2154.06
15.43 2026.84 2171.97
4.73 2030.30 1927.33
3.77 2024.54 2094.53
6.17 2028.49 2075.13
5.28 2027.64 2055.58
12.26 2029.17 2249.25
5.95 2029.65 1958.04
8.52 2028.51 2114.19
9.43 2027.79 2142.05
10.95 2029.01 2232.80
35.26 2033.54 1371.62
35.83 2030.37 2336.66
34.16 2029.09 2157.85
36.78 2025.27 2021.90
30.11 2032.63 1711.31
34.80 2031.11 2430.65
24.56 2025.40 2063.27
33.78 2030.26 2238.57
30.94 2028.60 2057.94
32.11 2029.12 2087.29
29.61 2029.55 2016.48
33.30 2027.09 2055.79
34.48 2026.44 2053.82
35.72 2024.52 2027.80
41.46 2033.83 1245.36
1.66 2025.68 2082.14
39.19 2033.63 1335.42
40.65 2031.84 1844.50
42.76 2030.88 1726.14
37.76 2029.05 2093.13
46.36 2032.63 1365.11
16.85 2033.15 2781.78
18.42 2030.81 2567.14
18.86 2029.56 2268.48
21.30 2031.12 2267.93
17.66 2028.74 2309.19
20.25 2027.47 2131.47
16.55 2029.59 2376.22
16.85 2026.68 2168.19
13.07 2028.07 2235.75
14.54 2025.53 2147.81
17.79 2027.57 2163.87
24.01 2029.30 2014.05
1.80 2022.66 2095.53
6.08 2024.51 2101.62
4.91 2024.96 2097.19
3.41 2023.33 2096.91
9.75 2031.93 1996.27
8.06 2030.63 2021.37
7.46 2026.90 2110.75
13.54 2022.63 2116.56
12.71 2030.51 2473.52
10.50 2031.02 2407.79
10.53 2028.01 2151.68
14.60 2028.10 2240.86
12.36 2026.96 2169.02
12.99 2025.68 2146.94
47.22 2031.49 1490.28
17.67 2025.36 2131.01
41.31 2028.96 1955.33
5.67 2026.56 2093.77
4.88 2025.95 2088.25
3.79 2026.39 2084.62
6.60 2026.30 2099.58
7.42 2028.02 2094.77
10.43 2025.23 2128.63
6.13 2023.27 2104.44
9.28 2026.77 2130.89
8.41 2026.38 2121.50
11.13 2027.07 2163.53
9.11 2024.61 2121.96
10.31 2026.31 2140.23
10.50 2022.54 2113.92
9.02 2023.30 2111.52
3.02 2025.55 2083.76
17.07 2024.40 2129.17
19.12 2026.88 2148.32
21.60 2025.15 2105.08
19.05 2025.53 2126.81
20.39 2023.29 2102.51
19.25 2022.61 2109.25
22.83 2023.74 2088.26
30.80 2026.93 2048.71
24.01 2026.69 2071.20
29.69 2030.85 1925.78
30.79 2031.63 1844.59
26.98 2029.07 1968.61
24.82 2027.90 2026.37
28.58 2027.08 2042.21
35.84 2028.13 2104.15
33.28 2023.10 2030.25
33.26 2028.34 2111.66
32.00 2026.21 2051.38
31.76 2022.45 2033.12
35.55 2027.00 2054.21
30.99 2023.58 2043.41
32.08 2024.86 2039.25
34.51 2022.49 2023.60
38.03 2024.88 2017.26
33.37 2024.38 2036.16
45.28 2026.86 1920.56
36.61 2026.39 2047.64
34.47 2025.08 2032.75
35.85 2023.21 2017.25
21.95 2032.12 2310.98
20.86 2032.91 2445.23
22.67 2028.99 2061.62
22.73 2027.24 2082.82
27.58 2023.59 2059.32
28.38 2028.64 1987.47
29.35 2025.03 2049.57
26.59 2026.34 2046.19
26.06 2027.72 2019.84
25.43 2022.61 2072.92
28.15 2024.94 2050.12
25.89 2025.22 2060.88
24.12 2023.83 2080.88
28.56 2022.55 2051.99
29.78 2023.68 2046.47
29.68 2026.33 2046.03
27.71 2026.12 2045.67
12.04 2023.33 2116.37
16.44 2022.40 2114.57
6.98 2025.23 2110.82
0.80 2023.99 2090.75
7.52 2022.60 2108.15
20.16 2024.69 2112.68
22.14 2022.52 2100.09
37.47 2027.10 2041.42
38.45 2023.48 2001.89
37.34 2022.55 2012.19
40.03 2029.63 2008.34
38.90 2025.76 2006.11
39.00 2028.77 2071.28
40.68 2022.41 1988.06
40.72 2026.49 1976.93
38.52 2026.86 2034.17
40.18 2025.64 2001.72
40.64 2024.62 1984.73
39.35 2027.64 2014.66
47.42 2026.06 1931.50
44.91 2029.91 1756.23
44.01 2027.49 1929.83
44.21 2031.13 1704.15
11.88 2024.71 2132.40
14.97 2023.19 2116.78
17.69 2023.17 2111.69
15.36 2024.42 2130.05
39.79 2023.34 1998.28
42.09 2023.08 1983.88
40.27 2027.39 2004.73
43.42 2022.50 1979.73
41.66 2026.96 1969.16
42.46 2029.52 1901.93
43.85 2028.84 1861.53
42.71 2026.57 1957.08
47.15 2028.70 1801.81
41.94 2024.36 1980.63
46.26 2022.57 1971.91
44.67 2023.24 1973.60
42.97 2025.18 1967.39
46.57 2027.33 1911.80
44.38 2024.63 1962.63
45.39 2025.39 1950.83
47.26 2023.51 1966.96
46.68 2024.93 1948.41
14.73 2031.97 2819.18
15.20 2029.39 2381.40
35.26 2029.01 2164.47
37.06 2028.15 2099.76
37.85 2032.86 1434.54
39.73 2030.94 2214.87
