x z velocity
18.24 2038.46 219.21
10.94 2038.43 185.06
43.65 2040.53 124.94
7.04 2038.52 130.13
2.30 2037.86 167.00
4.34 2038.15 163.95
39.34 2040.54 131.53
2.66 2037.84 174.28
40.70 2040.52 115.72
7.38 2038.01 208.44
0.17 2037.10 1061.31
43.83 2039.98 186.67
8.70 2037.74 295.66
37.10 2039.89 141.99
2.16 2037.96 160.93
42.99 2040.66 108.97
1.84 2037.90 154.34
2.48 2037.96 169.63
7.25 2038.20 180.26
2.85 2037.98 175.23
3.18 2038.07 177.44
9.17 2038.83 178.05
10.50 2038.39 187.22
4.03 2038.13 166.92
4.50 2038.27 160.46
4.17 2038.24 165.11
13.84 2038.99 143.46
26.46 2039.88 183.16
5.04 2038.22 137.96
6.86 2038.18 170.00
3.53 2038.09 178.52
3.13 2037.70 209.42
7.54 2038.30 181.67
21.72 2039.66 167.08
23.19 2038.10 545.17
6.33 2038.36 117.42
22.79 2039.09 231.61
5.83 2038.52 111.10
7.68 2038.59 156.39
24.15 2039.61 153.66
20.59 2038.70 244.04
6.52 2038.51 117.89
7.84 2038.71 159.74
8.01 2038.59 164.39
7.36 2038.56 145.48
25.20 2039.74 174.99
6.71 2038.42 121.99
25.72 2039.86 184.09
6.14 2038.51 113.33
19.86 2039.50 147.40
3.38 2037.97 179.25
8.39 2038.58 173.43
38.01 2040.37 125.32
8.18 2038.71 169.49
8.75 2038.65 179.41
40.82 2040.10 141.49
31.18 2040.24 120.41
9.03 2038.74 180.57
10.36 2038.68 153.67
9.82 2038.83 164.72
17.36 2039.13 118.25
29.16 2040.20 119.43
9.32 2038.73 175.99
19.18 2039.43 126.59
10.17 2038.78 155.54
33.28 2039.71 158.01
10.52 2038.85 144.62
6.79 2037.86 290.27
10.69 2038.74 141.24
26.02 2039.63 205.45
3.03 2037.90 176.59
12.34 2038.71 115.66
5.79 2037.77 223.43
11.82 2038.92 110.54
12.14 2038.88 112.50
36.13 2040.42 103.59
16.65 2039.09 131.73
12.86 2038.94 117.47
8.55 2038.73 178.04
13.03 2038.85 121.39
14.00 2038.90 147.32
21.36 2038.90 207.35
13.51 2038.93 135.97
12.26 2038.38 181.47
12.53 2038.84 115.36
24.54 2040.01 125.74
19.51 2039.50 137.32
14.16 2039.00 150.83
39.42 2039.92 152.15
14.86 2039.04 154.72
14.71 2038.83 156.97
7.51 2038.69 151.76
39.80 2040.60 127.78
15.04 2038.96 153.95
12.72 2038.75 117.64
15.53 2039.05 153.63
16.83 2039.19 128.39
16.30 2038.97 148.52
10.33 2035.72 1110.51
5.97 2038.42 113.60
16.49 2039.19 135.20
32.12 2040.27 131.31
14.52 2038.93 156.02
27.54 2039.91 208.19
27.81 2040.19 182.82
17.32 2038.16 391.29
8.00 2038.33 194.04
28.46 2039.61 223.84
17.18 2039.22 118.92
8.87 2038.81 179.76
46.71 2040.70 134.65
18.19 2039.27 113.08
12.87 2038.54 137.76
23.68 2039.82 123.88
25.79 2038.87 364.69
23.18 2039.53 153.81
17.24 2038.73 158.35
11.67 2038.83 111.51
17.52 2039.27 114.47
17.59 2038.87 143.87
28.74 2039.43 230.29
21.38 2039.59 164.54
26.83 2040.19 184.27
25.04 2039.84 167.99
25.37 2039.83 177.66
17.84 2039.31 113.22
18.70 2039.32 112.76
20.28 2038.06 345.29
44.57 2040.42 160.61
18.02 2039.15 114.51
18.96 2039.11 135.17
20.85 2039.61 167.99
10.84 2038.86 134.13
9.43 2038.35 198.47
16.80 2038.70 160.75
43.28 2040.61 116.26
18.53 2039.38 111.41
38.87 2040.54 133.10
22.29 2039.74 162.67
32.18 2039.81 157.58
17.01 2039.09 125.02
16.41 2038.84 153.67
36.30 2040.27 104.94
15.33 2038.71 167.67
13.98 2038.68 159.03
23.85 2039.93 122.55
17.92 2038.68 201.08
23.35 2039.84 125.96
26.73 2039.61 211.25
22.01 2039.75 165.88
23.60 2039.59 154.28
24.19 2040.00 122.09
24.86 2040.09 134.68
25.17 2040.10 156.47
20.04 2039.44 151.32
22.08 2039.12 195.20
26.02 2040.02 180.53
17.43 2038.51 205.11
26.18 2040.11 178.47
26.48 2039.66 209.32
16.18 2039.19 139.94
28.00 2040.04 176.78
13.07 2038.64 141.38
28.19 2040.16 171.52
26.36 2040.04 178.86
14.88 2038.61 164.58
10.00 2038.67 159.76
27.49 2040.21 190.43
41.70 2040.54 106.11
28.37 2040.08 167.63
28.68 2040.16 145.99
44.17 2040.38 154.02
28.52 2040.24 152.28
36.98 2040.11 123.29
29.99 2040.11 114.75
2.81 2037.34 233.53
22.16 2039.84 165.97
25.59 2039.49 207.20
31.94 2040.20 130.61
29.82 2040.25 112.13
27.63 2040.10 186.14
30.35 2040.12 113.35
30.17 2040.21 112.66
22.66 2039.68 152.99
30.68 2040.18 112.36
30.51 2040.27 111.09
12.55 2038.02 246.70
32.29 2040.10 135.94
31.82 2040.31 127.58
9.65 2038.45 194.30
32.50 2040.23 136.41
15.88 2039.13 145.81
29.66 2040.16 113.26
13.17 2038.96 126.64
43.85 2040.65 128.85
33.06 2040.17 135.00
11.19 2038.84 118.37
33.21 2040.29 135.84
33.40 2040.22 135.91
6.86 2038.61 123.46
32.85 2040.29 135.28
0.49 2037.76 146.44
43.46 2040.69 117.76
33.83 2040.37 128.40
35.05 2040.25 108.73
34.85 2040.38 110.21
8.91 2038.47 190.24
35.82 2040.44 102.97
34.14 2040.34 121.02
14.34 2038.81 154.74
34.51 2040.31 115.67
24.73 2039.95 129.19
35.20 2040.36 105.56
26.51 2040.18 180.24
21.03 2039.53 167.08
4.84 2038.33 148.61
11.96 2038.80 112.84
36.50 2040.39 105.11
23.74 2039.31 218.50
36.84 2040.46 107.12
37.18 2040.44 111.82
13.27 2038.61 143.86
15.74 2038.97 153.04
37.83 2040.52 120.10
28.50 2039.89 175.05
38.17 2040.48 128.63
38.72 2040.43 133.18
26.93 2039.42 232.94
37.68 2040.41 117.90
34.31 2040.20 118.61
37.02 2040.33 109.93
21.18 2039.69 164.32
45.62 2040.55 163.76
39.98 2040.46 125.40
1.20 2037.80 139.83
39.49 2040.62 130.41
40.17 2040.58 122.74
35.67 2040.36 103.31
11.51 2038.91 111.51
40.86 2040.62 112.50
40.51 2040.64 117.32
41.35 2040.60 106.76
13.34 2038.83 131.99
16.10 2038.78 163.05
40.35 2040.49 121.53
11.13 2038.17 200.63
38.52 2040.55 132.51
5.68 2038.42 112.37
39.90 2040.18 144.95
8.42 2038.28 209.43
11.68 2038.64 126.19
41.87 2040.63 105.46
11.86 2038.60 127.34
42.17 2040.72 104.73
41.50 2040.69 105.69
5.20 2038.36 121.70
4.27 2037.92 190.95
42.04 2040.57 105.70
44.50 2040.72 150.16
43.15 2040.73 110.46
43.16 2040.45 120.24
44.68 2040.23 187.14
42.50 2040.68 105.20
46.85 2040.79 127.34
44.04 2040.56 133.03
2.23 2037.67 173.85
40.44 2040.28 131.92
44.35 2040.64 145.47
33.06 2039.90 150.81
44.83 2040.68 159.24
45.81 2040.65 161.97
39.63 2040.52 128.84
45.31 2040.63 163.74
31.66 2040.23 126.70
28.90 2039.92 172.67
46.02 2040.54 157.73
35.95 2040.34 103.67
46.40 2040.65 148.09
47.04 2040.71 124.40
36.21 2040.00 119.12
46.53 2040.78 137.42
28.83 2040.24 136.81
46.21 2040.71 150.11
40.68 2040.31 132.01
44.18 2040.72 141.80
15.18 2039.08 154.61
45.48 2040.72 163.75
25.35 2040.02 163.29
19.44 2039.18 156.42
20.68 2039.50 167.35
29.51 2040.25 112.90
22.47 2039.83 159.40
29.66 2039.93 143.39
29.87 2039.88 144.57
31.82 2040.02 136.62
30.47 2039.88 140.20
30.83 2040.27 112.49
28.69 2039.96 172.56
28.99 2040.11 127.48
27.00 2040.10 191.76
26.99 2039.90 200.75
34.24 2039.92 146.32
35.85 2040.17 108.62
33.52 2040.36 132.32
33.87 2040.10 138.65
32.68 2040.12 136.90
32.79 2039.85 151.72
33.53 2039.83 157.57
33.96 2040.27 123.38
31.51 2040.30 124.70
31.65 2040.06 135.56
37.52 2040.50 115.58
37.69 2040.18 131.07
37.91 2040.13 133.37
39.53 2040.35 136.18
36.67 2040.30 106.49
36.74 2040.09 121.82
35.52 2040.43 103.29
35.68 2040.20 108.28
41.18 2040.68 107.06
41.36 2040.41 115.20
41.60 2040.34 115.22
43.10 2039.66 272.20
42.21 2040.46 107.81
42.34 2040.61 105.21
39.18 2040.61 131.95
39.35 2040.38 136.00
45.16 2040.72 162.64
45.28 2040.43 173.46
46.45 2040.24 178.04
47.52 2040.86 113.34
45.15 2039.88 209.18
47.57 2040.09 191.42
44.37 2040.46 158.42
44.66 2040.60 156.15
42.84 2040.73 106.48
42.98 2040.49 118.60
0.84 2037.76 130.70
2.03 2037.67 170.33
4.49 2037.76 220.23
5.88 2038.22 134.26
3.86 2038.19 169.27
4.08 2037.92 187.93
2.61 2037.55 209.64
2.00 2037.85 155.76
8.88 2038.24 224.73
9.49 2038.81 173.01
7.83 2038.26 190.14
11.74 2038.11 196.30
7.39 2038.37 178.67
8.64 2038.12 217.62
7.18 2038.65 140.65
7.08 2038.27 173.91
5.52 2038.47 112.10
5.70 2038.24 131.85
10.72 2038.46 185.44
11.02 2038.72 127.51
11.37 2038.76 117.24
11.97 2038.36 176.75
9.36 2038.09 252.61
13.39 2038.39 175.94
25.20 2039.55 200.73
16.33 2039.11 137.88
15.10 2038.73 165.76
15.38 2038.94 154.99
13.68 2038.85 139.56
13.78 2038.63 158.24
11.81 2037.73 377.03
24.64 2038.15 581.93
22.58 2039.39 197.30
18.54 2039.01 128.05
20.18 2039.58 158.30
30.95 2038.65 444.75
16.06 2039.08 144.52
15.50 2038.43 198.08
13.67 2038.41 177.98
23.38 2039.62 152.63
28.16 2039.50 224.96
23.50 2039.95 122.25
18.38 2039.19 114.15
25.40 2039.39 209.16
19.67 2039.20 158.13
17.67 2038.62 199.58
17.69 2039.19 114.63
15.81 2038.46 200.44
23.19 2039.92 126.86
24.40 2039.66 155.15
24.03 2039.84 124.27
27.32 2040.12 193.32
25.84 2040.15 181.38
25.68 2040.04 177.04
14.59 2038.00 232.61
22.29 2039.36 193.70
21.80 2039.25 189.05
17.95 2038.95 134.01
29.34 2040.11 117.94
29.44 2039.88 145.59
30.69 2039.94 138.09
31.01 2040.14 117.25
27.66 2039.70 217.82
30.35 2039.61 251.43
19.02 2039.32 120.12
31.66 2039.56 174.46
34.69 2040.22 114.45
34.79 2040.00 128.02
33.68 2040.30 131.08
33.70 2040.13 139.65
31.35 2040.17 122.66
31.89 2039.80 156.92
30.91 2039.91 139.23
33.90 2039.32 213.00
37.36 2040.35 113.66
37.49 2040.12 129.67
38.36 2040.39 130.77
38.46 2040.17 144.39
35.38 2040.29 105.29
35.94 2039.97 119.00
34.44 2039.66 155.69
38.70 2039.72 165.80
41.04 2040.55 111.27
41.16 2040.36 116.31
39.05 2040.47 133.00
39.63 2040.16 144.98
38.08 2039.85 160.76
42.99 2040.01 156.65
45.00 2040.60 161.68
45.07 2040.40 173.75
43.56 2040.25 148.97
46.75 2040.05 187.46
45.48 2040.35 174.10
42.68 2040.61 106.23
43.25 2040.24 146.81
41.66 2040.04 153.44
44.47 2039.96 196.84
1.52 2037.88 149.34
2.35 2037.49 206.10
1.91 2037.29 230.22
3.07 2037.44 238.53
4.67 2038.19 157.62
4.73 2037.91 218.74
3.73 2038.03 178.25
3.89 2037.84 193.01
2.19 2037.24 233.26
10.04 2038.12 237.13
1.87 2037.54 172.69
1.69 2037.81 151.93
9.08 2038.55 192.76
9.65 2038.71 169.07
9.08 2038.04 249.43
9.26 2038.53 192.73
6.25 2038.05 204.72
6.28 2037.38 473.69
5.38 2038.31 120.87
5.98 2038.01 197.32
4.98 2037.93 215.08
5.89 2037.40 448.28
9.89 2038.40 193.71
9.87 2037.75 297.05
11.49 2038.57 126.87
11.45 2038.28 192.90
14.22 2038.58 162.30
13.88 2038.07 219.96
20.59 2039.26 179.75
29.80 2039.30 253.44
17.72 2039.00 134.95
21.85 2039.80 166.20
20.06 2039.00 185.47
22.85 2039.82 145.86
15.88 2038.75 164.38
16.60 2038.88 153.10
27.18 2039.81 208.83
18.96 2038.57 235.96
21.48 2038.50 328.17
27.34 2039.93 209.16
27.16 2040.19 194.53
26.66 2039.94 185.90
25.51 2040.12 173.54
19.36 2039.36 131.00
25.95 2039.15 290.37
25.31 2039.17 285.02
24.89 2038.74 436.30
31.09 2039.65 173.19
29.30 2039.63 201.85
20.35 2039.51 161.24
33.80 2039.69 156.87
35.03 2040.03 127.46
31.46 2040.00 135.38
31.40 2039.72 172.48
36.67 2039.84 134.81
38.70 2040.21 144.84
35.50 2040.13 108.62
35.46 2039.86 130.47
40.38 2040.03 148.73
42.34 2040.19 145.40
39.18 2040.31 136.26
39.15 2040.05 149.77
44.95 2040.22 186.69
47.27 2039.38 320.73
46.53 2040.47 151.70
47.37 2040.75 116.28
47.89 2040.84 111.96
46.13 2040.24 178.50
45.47 2039.99 206.50
42.78 2040.44 118.00
42.69 2040.18 145.81
1.39 2037.74 143.28
1.04 2037.65 132.71
1.69 2037.62 168.57
1.50 2037.56 167.44
3.37 2037.74 213.35
7.07 2037.57 343.38
5.52 2038.15 131.54
7.68 2038.40 183.55
5.51 2037.88 216.55
24.58 2039.21 246.56
17.40 2038.93 143.68
16.36 2038.44 223.85
19.78 2039.00 182.44
22.20 2039.56 174.46
19.27 2038.27 310.74
24.29 2039.07 238.32
31.51 2038.90 319.95
19.37 2038.95 177.69
26.00 2038.51 452.19
33.53 2040.06 140.44
33.97 2039.90 147.11
47.19 2040.82 116.63
47.07 2040.54 142.66
46.73 2040.52 149.40
47.69 2040.52 134.33
47.01 2040.19 181.52
46.91 2040.43 148.73
1.11 2037.33 202.87
1.38 2037.30 204.97
7.37 2037.71 338.20
1.61 2037.11 237.02
7.57 2038.10 208.83
7.75 2038.06 212.85
3.80 2037.57 262.11
7.83 2037.07 661.71
27.20 2039.55 235.01
24.05 2039.31 213.97
24.59 2039.50 170.73
21.06 2039.05 204.02
25.05 2039.22 280.90
22.02 2039.58 173.06
16.28 2038.69 164.56
17.02 2038.81 157.46
31.75 2039.18 291.72
35.73 2039.73 131.37
1.35 2036.43 1121.78
47.43 2040.56 134.52
3.33 2037.29 252.78
0.75 2036.87 1058.41
0.61 2037.38 252.34
7.87 2037.81 282.89
8.20 2038.16 205.87
18.64 2037.52 570.63
18.59 2038.66 225.21
47.28 2040.45 141.77
47.74 2040.73 113.81
46.71 2039.69 273.36
47.73 2039.64 324.97
0.67 2037.63 139.87
0.93 2036.53 1157.40
8.14 2037.84 281.66
10.39 2038.11 240.59
8.43 2037.58 299.53
15.98 2036.57 804.44
26.27 2039.20 290.90
47.27 2040.20 182.01
47.84 2040.30 178.33
0.11 2037.68 234.20
0.86 2037.18 228.41
0.33 2037.33 269.55
0.27 2037.58 179.48
0.35 2036.84 1111.13
40.11 2039.96 150.43
39.58 2039.59 206.49
2.35 2036.94 420.15
3.51 2037.53 252.42
25.01 2039.45 197.28
34.45 2038.29 435.75
32.35 2039.52 188.02
32.68 2039.55 186.80
36.40 2039.77 132.63
35.88 2039.38 181.96
16.15 2037.79 465.70
16.68 2038.42 230.67
29.44 2039.32 251.59
24.24 2038.04 599.02
34.73 2039.73 154.01
35.21 2039.80 132.06
38.39 2039.88 161.73
38.90 2039.98 150.39
9.54 2037.76 294.97
19.66 2038.46 294.25
13.54 2037.77 260.37
20.76 2039.00 205.87
28.99 2039.67 207.45
33.25 2039.35 208.44
32.92 2039.25 208.75
37.32 2039.21 223.92
37.37 2039.88 144.51
40.75 2039.49 229.56
41.08 2040.12 141.55
43.88 2039.06 340.49
8.98 2037.70 298.76
9.26 2037.49 323.14
19.70 2039.40 142.10
25.77 2038.13 554.03
24.64 2038.55 427.11
25.34 2038.22 557.02
0.15 2036.08 1507.64
0.33 2036.32 1459.81
40.64 2039.88 150.34
41.34 2039.87 154.11
38.47 2038.94 276.21
42.07 2039.91 159.68
1.67 2036.73 783.34
5.21 2037.73 224.55
2.71 2036.98 425.43
4.68 2036.52 830.05
20.00 2038.38 293.02
26.89 2039.08 306.45
27.24 2038.32 502.62
21.93 2037.38 735.65
20.50 2039.62 164.41
35.03 2039.55 153.76
36.91 2039.67 143.47
37.53 2039.58 189.43
36.63 2039.08 220.65
37.61 2038.88 273.12
29.56 2038.58 357.47
19.59 2038.80 185.21
23.47 2039.00 249.49
25.01 2037.94 580.98
34.28 2039.27 215.26
34.64 2038.86 307.42
36.98 2039.29 222.21
37.91 2039.55 190.24
23.04 2039.74 141.38
18.18 2037.92 480.56
18.75 2039.12 132.11
32.63 2037.89 435.20
24.39 2039.90 124.06
23.13 2039.19 233.42
7.68 2037.55 346.21
11.67 2036.73 805.43
24.82 2039.59 177.60
32.82 2038.84 352.78
20.70 2038.29 340.56
16.62 2037.67 471.31
26.42 2038.54 453.46
27.29 2038.82 315.93
8.31 2037.08 656.32
25.45 2038.90 368.62
31.82 2038.19 447.98
30.33 2038.84 358.18
23.58 2038.55 477.36
31.17 2038.36 461.07
12.88 2038.14 234.44
11.00 2037.61 372.71
16.14 2038.95 148.94
27.48 2039.46 240.38
44.16 2040.08 192.35
46.93 2038.72 415.31
4.03 2037.26 367.43
5.59 2037.08 448.88
45.83 2039.90 203.81
44.80 2039.69 223.56
5.18 2037.29 418.54
6.99 2037.09 724.29
14.22 2038.20 222.31
21.13 2039.33 180.16
38.83 2039.31 252.89
43.64 2039.61 269.29
32.39 2038.76 347.22
40.00 2039.59 205.46
36.29 2039.39 182.15
38.03 2039.11 273.40
24.02 2038.45 476.59
33.12 2038.54 401.73
4.42 2037.38 380.31
7.44 2036.75 734.14
13.20 2038.02 234.54
27.61 2039.08 299.69
33.56 2038.68 412.52
31.97 2037.29 658.34
38.12 2037.97 433.19
39.61 2038.71 367.81
0.37 2035.78 1573.93
0.18 2036.58 1449.07
2.12 2036.61 741.10
39.33 2039.21 254.95
40.38 2039.28 224.06
3.80 2036.82 523.16
3.03 2036.67 519.12
28.01 2039.07 302.37
31.69 2037.73 598.69
32.15 2039.13 296.13
33.60 2039.09 217.09
25.95 2039.82 185.46
26.81 2039.83 195.08
29.34 2035.88 969.17
37.12 2037.33 571.91
22.17 2038.80 288.04
30.17 2037.64 517.97
29.95 2038.87 352.30
31.77 2036.16 943.13
12.32 2037.61 387.72
30.57 2038.09 516.61
21.14 2038.14 349.61
26.29 2039.52 209.29
42.21 2039.34 304.78
46.12 2039.54 263.15
3.39 2036.88 511.42
2.31 2036.16 1175.90
44.57 2039.12 339.08
46.07 2038.86 388.14
22.61 2038.74 292.09
25.82 2039.42 211.94
4.77 2037.08 416.64
5.20 2036.14 836.19
24.85 2039.06 271.57
16.88 2037.23 659.06
21.53 2039.71 166.42
25.57 2039.74 181.15
0.54 2034.92 1713.99
0.67 2036.24 1402.29
30.93 2039.31 313.00
35.92 2038.40 374.90
21.84 2039.51 172.95
31.52 2038.49 441.99
11.38 2037.33 408.37
28.83 2038.98 331.06
25.98 2037.65 696.77
16.10 2038.24 218.43
33.06 2038.04 434.45
14.93 2038.28 219.28
35.10 2039.08 282.35
35.58 2038.95 269.36
8.78 2036.63 725.00
25.05 2037.35 804.85
10.25 2037.32 390.76
10.60 2037.57 373.23
6.45 2037.78 286.26
6.53 2036.98 747.14
21.56 2039.17 189.17
17.65 2037.77 478.85
38.61 2038.29 445.32
41.19 2039.46 235.26
39.25 2038.15 452.65
43.27 2038.73 351.38
0.22 2035.37 1660.87
1.47 2035.91 1273.70
2.86 2036.18 1177.15
3.21 2034.25 1381.92
26.72 2038.17 509.54
31.12 2037.14 596.97
16.88 2038.10 386.50
31.11 2038.98 327.63
29.99 2039.60 239.65
18.84 2039.43 113.95
41.65 2039.07 303.04
40.68 2038.26 461.96
9.99 2036.78 722.61
3.08 2029.12 2301.20
1.09 2035.63 1394.60
1.98 2035.75 1264.84
15.45 2037.78 466.78
15.85 2037.58 471.39
15.32 2038.12 222.47
24.84 2039.79 160.37
20.21 2038.73 243.56
40.24 2038.77 374.78
5.70 2036.49 836.60
9.33 2036.94 707.68
14.80 2037.42 535.42
30.49 2037.02 582.63
0.74 2033.80 2049.76
6.64 2035.87 1121.92
19.12 2038.91 173.48
20.17 2039.23 173.74
31.23 2037.67 576.82
33.00 2036.75 772.22
0.72 2035.87 1517.12
1.06 2035.09 1665.60
32.48 2037.33 667.18
26.53 2038.96 309.18
20.37 2039.29 176.60
30.54 2039.28 326.46
30.57 2038.54 422.89
25.03 2040.01 144.59
29.22 2038.90 313.36
32.25 2038.30 438.64
21.37 2039.38 181.10
25.23 2038.62 435.46
24.29 2038.73 425.49
33.86 2038.24 430.76
6.26 2036.41 846.74
13.02 2036.64 880.66
25.60 2037.16 770.55
34.90 2037.62 545.40
27.93 2039.74 215.99
28.40 2038.73 335.99
31.61 2036.86 629.98
38.37 2035.38 1038.58
37.57 2038.40 404.03
26.68 2040.10 181.06
42.08 2037.74 512.16
42.76 2039.22 318.32
39.60 2037.58 564.30
47.39 2037.98 636.63
5.09 2035.40 1097.98
31.01 2038.00 524.93
2.14 2035.08 1310.13
11.28 2035.69 1118.61
32.64 2036.01 962.67
29.57 2037.91 522.25
33.54 2037.79 443.68
21.92 2038.43 336.92
22.71 2038.23 551.18
12.38 2036.96 837.06
22.36 2036.78 935.07
15.26 2037.36 529.69
15.66 2037.16 548.74
24.52 2037.11 870.57
22.24 2037.99 551.85
21.27 2037.45 722.37
23.19 2036.92 946.73
5.67 2034.86 1178.28
13.64 2037.16 734.27
41.48 2038.41 452.92
46.69 2034.96 874.17
24.08 2037.58 742.78
28.65 2036.62 946.53
27.48 2037.25 797.26
27.67 2037.88 541.94
7.94 2035.56 1301.74
15.54 2035.96 942.85
27.84 2036.52 968.31
26.52 2037.65 695.28
20.77 2037.15 709.79
24.35 2036.53 1194.98
1.51 2033.94 2067.55
3.86 2035.75 1096.54
36.56 2038.53 382.89
37.03 2038.15 404.76
4.11 2036.37 856.68
3.20 2035.66 1115.40
19.74 2036.74 839.58
20.23 2037.62 660.75
28.30 2038.09 541.50
28.92 2037.56 552.18
26.61 2036.53 1014.76
25.91 2036.50 1033.06
23.45 2037.54 736.84
23.64 2036.39 1166.48
22.19 2036.00 1354.98
24.72 2035.87 1488.48
17.48 2037.26 655.65
23.50 2035.68 1477.36
4.06 2034.36 1364.83
7.37 2036.10 1165.48
16.66 2036.56 792.36
17.87 2036.67 784.01
24.17 2035.30 1526.85
30.30 2036.20 938.84
19.22 2037.74 592.43
17.35 2036.13 806.87
19.70 2037.39 635.78
25.49 2035.82 1504.04
14.39 2036.91 708.51
20.49 2036.57 848.45
22.64 2034.58 1787.42
31.09 2035.62 957.71
15.70 2035.01 1475.80
21.78 2034.56 1780.50
45.23 2038.54 363.83
43.82 2037.18 530.78
0.32 2034.38 1920.94
0.41 2032.92 2067.18
1.61 2034.69 1477.92
2.86 2033.49 1878.18
2.03 2033.36 1971.72
40.41 2037.62 569.09
42.21 2035.94 825.21
26.24 2030.62 2138.25
37.89 2037.21 558.14
9.58 2035.08 1227.07
14.65 2036.17 980.84
34.41 2036.83 689.06
33.62 2037.05 754.71
2.81 2034.97 1279.13
4.33 2035.16 1112.44
26.85 2037.18 792.72
27.25 2036.01 1166.12
18.50 2036.77 824.06
20.73 2035.83 1293.16
17.56 2035.16 1447.30
23.34 2033.98 1877.41
34.91 2035.79 960.78
35.68 2037.69 524.09
13.21 2035.58 1322.40
20.06 2035.21 1361.30
33.02 2035.08 1046.54
40.37 2035.48 1028.54
25.97 2034.84 1609.28
27.03 2035.00 1571.29
19.11 2036.35 868.48
19.20 2035.57 1366.23
34.24 2034.84 1008.52
36.41 2036.99 633.03
18.54 2034.85 1469.67
19.15 2033.88 1893.17
6.98 2034.58 1360.27
8.69 2035.83 1258.01
1.81 2032.42 2069.49
4.26 2032.62 1836.96
14.09 2035.36 1292.28
12.18 2034.86 1315.12
20.15 2034.21 1891.33
6.44 2035.12 1207.57
8.20 2034.10 1674.50
4.62 2033.68 1429.33
6.92 2031.89 1829.38
0.96 2032.12 2076.28
2.66 2031.85 2071.94
15.61 2032.71 2411.98
25.27 2034.06 1718.27
7.75 2034.79 1412.90
7.64 2033.43 1550.25
5.47 2033.94 1416.53
6.14 2033.39 1499.48
3.35 2032.54 1898.84
9.27 2034.11 1729.53
0.55 2031.04 2202.75
1.31 2030.33 2238.28
2.23 2028.60 2296.49
6.89 2033.77 1504.51
2.57 2030.85 2246.58
2.23 2027.51 2299.01
38.50 2036.57 688.86
39.41 2036.82 692.42
22.36 2031.51 2181.35
9.60 2033.14 1976.94
24.24 2034.47 1803.18
30.12 2032.67 1629.36
30.89 2026.61 2102.35
23.26 2032.98 2008.25
32.25 2034.10 1314.32
36.13 2035.89 973.37
28.92 2031.98 1638.87
40.80 2036.94 696.73
39.45 2034.75 1102.61
41.67 2036.90 708.68
22.37 2032.47 2133.32
24.05 2031.19 2112.81
40.19 2036.35 725.52
41.51 2035.10 1029.56
36.87 2033.55 1509.83
44.98 2037.50 541.00
43.39 2036.00 813.46
43.06 2037.96 504.53
47.20 2033.96 1049.89
45.77 2036.74 670.70
27.91 2034.19 1513.64
29.13 2034.67 1505.70
17.76 2028.81 2320.86
14.56 2033.49 2354.23
8.65 2032.23 1872.36
16.73 2033.27 2387.06
30.56 2030.62 1936.12
30.20 2033.86 1467.12
44.35 2034.97 887.43
46.89 2036.98 687.74
27.78 2032.68 1627.64
31.19 2034.50 1395.48
8.97 2031.09 2235.39
13.55 2033.01 2313.40
26.51 2032.09 1696.96
42.36 2030.35 1654.33
29.57 2028.64 2226.87
33.67 2032.89 1513.90
11.50 2032.67 2177.66
3.04 2022.87 2281.64
21.09 2033.83 1894.61
24.88 2030.31 2137.23
45.57 2035.39 878.10
25.35 2032.89 1781.70
39.72 2033.72 1442.47
45.66 2032.36 1344.49
37.96 2032.46 1739.02
0.68 2023.05 2283.11
1.19 2026.75 2297.46
14.39 2030.88 2420.52
47.49 2036.02 770.66
0.43 2028.55 2291.90
5.97 2030.22 2325.57
34.54 2033.65 1503.00
37.13 2034.92 1044.08
29.16 2030.80 1940.22
35.62 2033.08 1531.26
17.70 2032.59 2370.49
24.35 2029.10 2258.92
11.35 2024.88 2276.02
6.91 2030.70 2291.84
32.12 2031.94 1775.65
36.24 2031.08 1995.33
28.57 2029.64 2225.96
34.81 2029.07 2107.09
24.24 2032.30 1894.47
22.72 2030.08 2229.26
18.86 2032.93 2320.50
26.40 2025.75 2168.54
32.59 2033.10 1493.68
35.49 2031.85 1971.24
31.10 2031.72 1749.38
33.80 2031.96 1925.33
34.36 2030.56 2111.53
37.46 2031.21 1967.23
44.33 2029.33 1651.35
41.69 2034.11 1311.31
34.94 2029.99 2064.40
38.05 2030.13 1823.23
33.96 2027.49 2008.24
35.05 2026.01 1968.66
46.49 2028.11 1661.53
41.10 2032.41 1542.68
27.23 2029.45 2229.59
30.83 2029.44 2246.46
28.55 2026.45 2163.28
28.84 2024.99 2072.10
31.90 2028.87 2234.99
34.55 2031.50 1963.83
22.87 2035.44 1458.57
21.49 2035.56 1331.61
6.04 2032.41 1780.05
43.91 2033.70 1309.69
7.77 2032.53 1819.04
5.00 2031.91 1830.75
4.94 2030.91 2352.68
7.23 2027.85 2312.53
9.62 2028.34 2321.58
4.23 2030.31 2311.66
5.61 2029.24 2318.18
16.68 2034.50 1493.71
14.70 2034.56 1503.06
13.43 2031.66 2385.94
17.65 2031.33 2459.99
15.56 2031.45 2455.61
19.67 2031.76 2351.87
15.59 2027.61 2276.11
16.64 2030.75 2450.39
18.88 2030.79 2437.99
21.25 2029.23 2288.54
12.28 2033.67 2236.87
12.31 2031.39 2348.66
10.06 2031.07 2236.55
15.50 2028.78 2333.85
8.07 2030.20 2276.10
10.48 2032.52 2112.19
8.31 2028.88 2322.43
10.56 2029.02 2323.50
6.00 2028.16 2311.23
11.56 2028.55 2322.09
4.06 2027.76 2303.88
5.10 2027.30 2305.68
3.20 2027.10 2300.41
3.34 2026.06 2292.58
10.63 2026.57 2287.70
14.37 2022.44 2245.29
1.19 2029.17 2291.18
0.43 2027.21 2296.88
9.38 2024.37 2273.73
3.30 2030.21 2299.73
2.48 2025.45 2291.64
1.29 2025.73 2291.68
3.95 2028.69 2305.82
4.59 2029.31 2315.49
21.35 2032.85 2221.71
6.79 2025.45 2289.20
23.05 2030.91 2136.49
20.70 2031.77 2315.20
21.40 2031.01 2235.14
39.16 2032.66 1709.03
40.18 2031.78 1625.96
39.46 2028.71 1807.25
47.49 2031.63 1394.04
33.03 2026.79 2037.96
34.94 2027.01 1982.71
32.26 2022.17 2017.23
33.96 2028.62 2151.31
31.93 2027.37 2073.77
36.38 2022.96 1960.15
33.20 2025.39 2005.67
29.60 2027.30 2144.73
32.92 2022.85 2004.77
34.74 2024.18 1964.40
44.66 2027.13 1775.22
27.23 2026.81 2178.85
27.98 2024.22 2092.39
23.44 2025.33 2166.12
30.08 2023.08 2054.54
32.23 2024.52 2029.68
31.01 2025.16 2044.86
26.59 2028.07 2224.18
24.98 2024.06 2122.38
25.07 2028.03 2230.48
24.58 2026.93 2234.70
26.86 2024.60 2100.65
30.02 2024.40 2061.48
32.92 2031.28 1871.02
33.27 2030.43 2110.39
32.99 2029.41 2213.52
35.66 2028.63 2059.32
43.94 2031.49 1465.45
46.74 2030.47 1459.19
13.32 2028.91 2334.00
16.64 2029.49 2334.75
22.40 2027.25 2252.62
21.25 2025.22 2179.76
14.34 2029.48 2342.04
17.41 2023.14 2217.63
13.14 2027.69 2290.63
14.81 2026.76 2272.72
22.35 2028.41 2274.41
18.99 2029.53 2316.89
12.34 2029.42 2330.67
11.96 2027.59 2291.69
11.90 2030.40 2285.32
10.68 2030.25 2277.77
11.54 2026.73 2286.64
16.65 2027.05 2272.67
8.92 2026.27 2290.30
9.51 2025.32 2280.76
9.75 2027.12 2291.02
11.15 2022.28 2264.03
7.71 2026.47 2291.38
10.48 2025.55 2279.56
3.23 2023.93 2284.24
12.09 2025.55 2273.46
4.23 2025.83 2292.32
10.31 2022.77 2266.01
13.79 2024.48 2256.00
6.52 2023.20 2277.94
8.73 2022.83 2270.51
17.69 2027.54 2272.22
20.15 2028.79 2296.84
18.44 2025.44 2233.80
8.50 2023.94 2275.49
11.80 2023.05 2259.83
7.29 2024.31 2276.82
7.57 2022.33 2273.51
11.26 2023.98 2269.18
9.66 2022.34 2268.97
10.27 2023.71 2270.64
13.75 2026.77 2274.41
16.46 2025.97 2252.40
15.67 2023.97 2240.95
17.17 2025.19 2237.40
23.18 2029.15 2264.99
13.52 2023.21 2252.15
21.59 2030.17 2234.62
18.76 2026.71 2263.72
22.60 2023.69 2160.78
15.39 2025.75 2254.90
20.73 2023.13 2180.62
15.31 2022.93 2241.96
12.65 2022.61 2256.88
15.00 2024.75 2253.44
16.44 2022.33 2231.66
16.77 2024.19 2238.23
19.99 2027.24 2262.79
22.53 2024.68 2171.97
18.52 2023.22 2213.08
21.15 2026.52 2258.22
24.41 2023.06 2138.95
25.27 2025.90 2175.68
23.41 2026.60 2241.71
13.12 2025.48 2271.33
24.55 2024.97 2161.01
19.15 2024.52 2203.38
21.69 2022.93 2173.89
19.55 2022.41 2194.63
20.35 2024.43 2198.10
22.52 2022.21 2158.69
23.42 2022.97 2144.97
2.39 2024.46 2286.10
1.68 2022.38 2282.06
1.21 2024.07 2286.34
0.53 2024.87 2288.77
4.79 2025.06 2289.54
4.36 2022.33 2280.71
5.67 2025.65 2289.70
5.12 2026.41 2292.70
5.31 2023.20 2278.81
4.50 2024.26 2283.81
42.61 2033.47 1342.10
42.77 2031.39 1475.77
41.28 2030.02 1675.95
40.47 2028.30 1788.01
44.75 2030.50 1481.10
44.62 2032.65 1349.77
41.41 2022.51 1895.01
47.25 2029.06 1610.67
43.10 2029.28 1661.92
40.22 2030.64 1702.02
42.39 2028.39 1734.54
39.20 2029.87 1785.74
41.27 2028.84 1751.26
40.43 2027.11 1834.83
45.57 2026.40 1777.49
38.69 2027.84 1868.13
39.29 2026.80 1845.70
36.83 2027.26 1930.61
38.71 2022.99 1921.61
37.73 2025.63 1920.31
41.39 2026.53 1819.81
43.54 2022.29 1879.38
40.82 2033.46 1419.82
42.15 2032.31 1516.35
25.51 2022.30 2117.67
35.36 2022.41 1967.60
28.27 2023.01 2075.48
26.59 2022.85 2097.59
46.68 2032.84 1328.76
45.72 2030.92 1464.68
45.04 2028.32 1666.24
43.61 2026.68 1788.51
47.24 2023.92 1841.27
46.70 2026.89 1774.66
42.55 2027.27 1798.75
43.61 2025.52 1841.11
41.49 2025.23 1866.35
42.45 2022.97 1890.84
43.00 2023.88 1863.70
46.71 2024.80 1818.74
47.47 2025.98 1793.12
38.51 2024.04 1918.41
45.59 2025.24 1822.74
40.50 2024.44 1889.71
39.69 2022.44 1914.73
47.50 2022.31 1865.29
40.60 2023.11 1904.81
39.39 2024.82 1898.73
36.64 2024.05 1942.07
37.52 2022.39 1939.91
44.78 2022.98 1870.13
44.67 2024.82 1833.10
38.87 2025.87 1911.65
45.74 2022.53 1867.75
46.74 2022.99 1865.26
37.58 2024.52 1930.64
35.84 2024.58 1957.68
33.66 2022.52 1996.26
42.64 2024.82 1858.26
44.33 2023.90 1862.41
35.95 2025.61 1955.10
34.24 2025.10 1992.55
36.89 2026.18 1939.31
37.66 2028.04 1885.92
37.29 2029.17 1946.34
35.78 2027.69 1949.32
36.33 2029.32 1978.93
35.88 2030.16 2047.22
32.31 2023.47 2018.38
34.52 2023.09 1982.47
30.89 2022.46 2038.43
31.65 2022.79 2031.28
26.16 2023.86 2117.95
29.19 2022.46 2066.90
27.58 2022.39 2091.99
